0.0, 0.0, 433.73376
0.0, 0.4298077, 433.63376
0.0, 0.8596154, 433.53375
0.0, 1.2894231, 433.43375
0.0, 1.7192308, 433.33374
0.0, 2.1490386, 433.23373
0.0, 2.5788462, 433.13373
0.0, 3.0086539, 433.03372
0.0, 3.4384615, 432.93372
0.0, 3.8682692, 432.8337
0.0, 4.298077, 432.7337
0.0, 4.727885, 432.6337
0.0, 5.1576924, 432.5337
0.0, 5.5875, 432.4337
0.0, 6.0173078, 432.33368
0.0, 6.4471154, 432.23367
0.0, 6.876923, 432.13367
0.0, 7.3067307, 432.03366
0.0, 7.7365384, 431.93365
0.0, 8.166347, 431.83365
0.0, 8.596154, 431.73364
0.0, 9.025962, 431.63364
0.0, 9.45577, 431.53363
0.0, 9.885577, 431.43362
0.0, 10.315385, 431.33362
0.0, 10.745193, 431.2336
0.0, 11.175, 431.1336
0.0, 11.604808, 431.0336
0.0, 12.0346155, 430.9336
0.0, 12.464423, 430.8336
0.0, 12.894231, 430.73358
0.0, 13.3240385, 430.63358
0.0, 13.753846, 430.53357
0.0, 14.183654, 430.43356
0.0, 14.6134615, 430.33356
0.0, 15.043269, 430.23355
0.0, 15.473077, 430.13354
0.0, 15.9028845, 430.03354
0.0, 16.332693, 429.93353
0.0, 16.7625, 429.83353
0.0, 17.192308, 429.73352
0.0, 17.622116, 429.6335
0.0, 18.051924, 429.5335
0.0, 18.481731, 429.4335
0.0, 18.91154, 429.3335
0.0, 19.341347, 429.2335
0.0, 19.771154, 429.13348
0.0, 20.200962, 429.03348
0.0, 20.63077, 428.93347
0.0, 21.060577, 428.83347
0.0, 21.490385, 428.73346
0.0, 21.920193, 428.63345
0.0, 22.35, 428.53345
0.0, 22.779808, 428.43344
0.0, 23.209616, 428.33344
0.0, 23.639423, 428.23343
0.0, 24.069231, 428.13342
0.0, 24.499039, 428.03342
0.0, 24.928846, 427.9334
0.0, 25.358654, 427.8334
0.0, 25.788462, 427.7334
0.0, 26.21827, 427.6334
0.0, 26.648077, 427.5334
0.0, 27.077885, 427.43338
0.0, 27.507692, 427.33337
0.0, 27.9375, 427.23337
0.0, 28.367308, 427.13336
0.0, 28.797115, 427.03336
0.0, 29.226923, 426.93335
0.0, 29.65673, 426.83334
0.0, 30.086538, 426.73334
0.0, 30.516346, 426.63333
0.0, 30.946154, 426.53333
0.0, 31.375961, 426.43332
0.0, 31.805769, 426.3333
0.0, 32.235577, 426.2333
0.0, 32.665386, 426.1333
0.0, 33.095196, 426.0333
0.0, 33.525005, 425.9333
0.0, 33.954815, 425.83328
0.0, 34.384624, 425.73328
0.0, 34.814434, 425.63327
0.0, 35.244244, 425.53326
0.0, 35.674053, 425.43326
0.0, 36.103863, 425.33325
0.0, 36.533672, 425.23325
0.0, 36.96348, 425.13324
0.0, 37.39329, 425.03323
0.0, 37.8231, 424.93323
0.0, 38.25291, 424.83322
0.0, 38.68272, 424.73322
0.0, 39.11253, 424.6332
0.0, 39.54234, 424.5332
0.0, 39.97215, 424.4332
0.0, 40.40196, 424.3332
0.0, 40.831768, 424.2332
0.0, 41.261578, 424.13318
0.0, 41.691387, 424.03317
0.0, 42.121197, 423.93317
0.0, 42.551006, 423.83316
0.0, 42.980816, 423.73315
0.0, 43.410625, 423.63315
0.0, 43.840435, 423.53314
0.0, 44.270245, 423.43314
0.0, 44.700054, 423.33313
0.0, 45.129864, 423.23312
0.0, 45.559673, 423.13312
0.0, 45.989483, 423.0331
0.0, 46.419292, 422.9331
0.0, 46.849102, 422.8331
0.0, 47.27891, 422.7331
0.0, 47.70872, 422.6331
0.0, 48.13853, 422.53308
0.0, 48.56834, 422.43307
0.0, 48.99815, 422.33307
0.0, 49.42796, 422.23306
0.0, 49.85777, 422.13306
0.0, 50.28758, 422.03305
0.0, 50.71739, 421.93304
0.625, 51.15585, 421.83304
1.25, 51.59431, 421.73303
1.25, 52.032772, 421.63303
1.25, 52.471233, 421.53302
1.875, 52.909214, 421.433
1.875, 53.347195, 421.333
3.125, 53.785175, 421.233
3.125, 54.222675, 421.133
3.75, 54.660175, 421.033
3.75, 55.097675, 420.93298
4.375, 55.535175, 420.83298
5.0, 55.972675, 420.73297
5.625, 56.410175, 420.63297
6.25, 56.847195, 420.53296
7.5, 57.284214, 420.43295
8.125, 57.721233, 420.33295
8.75, 58.157772, 420.23294
10.0, 58.59431, 420.13293
10.0, 59.03037, 420.03293
10.625, 59.466427, 419.93292
11.25, 59.902485, 419.83292
11.25, 60.338543, 419.7329
13.125, 60.7746, 419.6329
13.75, 61.21018, 419.5329
15.625, 61.645275, 419.4329
16.25, 62.07989, 419.3329
17.5, 62.514507, 419.23288
18.75, 62.948643, 419.13287
20.0, 63.382298, 419.03287
20.625, 63.81547, 418.93286
21.25, 64.24864, 418.83286
21.875, 64.681335, 418.73285
23.125, 65.11403, 418.63284
24.375, 65.54672, 418.53284
25.0, 65.978935, 418.43283
26.875, 66.41115, 418.33282
27.5, 66.8424, 418.23282
30.0, 67.27365, 418.1328
30.625, 67.70394, 418.0328
31.25, 68.13423, 417.9328
32.5, 68.56404, 417.8328
33.125, 68.99337, 417.7328
33.125, 69.4227, 417.63278
33.75, 69.85203, 417.53278
34.375, 70.280876, 417.43277
35.0, 70.709724, 417.33276
35.0, 71.13857, 417.23276
36.25, 71.56694, 417.13275
36.25, 71.99531, 417.03275
36.875, 72.423195, 416.93274
37.5, 72.85108, 416.83273
37.5, 73.27849, 416.73273
37.5, 73.705894, 416.63272
37.5, 74.1333, 416.5327
37.5, 74.56071, 416.4327
38.75, 74.98811, 416.3327
38.75, 75.41552, 416.2327
39.375, 75.842445, 416.1327
40.0, 76.26937, 416.03268
40.625, 76.6963, 415.93268
41.25, 77.12274, 415.83267
41.25, 77.54919, 415.73267
41.875, 77.97563, 415.63266
42.5, 78.401596, 415.53265
42.5, 78.82756, 415.43265
43.125, 79.253044, 415.33264
43.75, 79.67853, 415.23264
44.375, 80.10401, 415.13263
45.0, 80.529495, 415.03262
45.0, 80.9545, 414.93262
45.0, 81.3795, 414.8326
45.625, 81.804504, 414.7326
46.25, 82.22903, 414.6326
46.875, 82.65355, 414.5326
46.875, 83.07807, 414.4326
47.5, 83.502594, 414.33258
47.5, 83.926636, 414.23257
48.125, 84.35068, 414.13257
48.75, 84.77472, 414.03256
48.75, 85.19876, 413.93256
49.375, 85.62232, 413.83255
50.0, 86.04588, 413.73254
50.0, 86.469444, 413.63254
50.625, 86.892525, 413.53253
50.625, 87.315605, 413.43253
51.25, 87.738686, 413.33252
51.875, 88.161766, 413.2325
51.875, 88.58485, 413.1325
52.5, 89.00745, 413.0325
53.125, 89.430046, 412.9325
53.125, 89.852165, 412.8325
53.75, 90.274284, 412.73248
55.0, 90.6964, 412.63248
55.625, 91.11852, 412.53247
55.625, 91.54015, 412.43246
55.625, 91.961784, 412.33246
56.25, 92.383415, 412.23245
56.875, 92.805046, 412.13245
56.875, 93.22668, 412.03244
57.5, 93.64831, 411.93243
58.125, 94.06994, 411.83243
58.125, 94.49157, 411.73242
58.75, 94.9132, 411.63242
59.375, 95.33435, 411.5324
59.375, 95.7555, 411.4324
60.0, 96.17665, 411.3324
60.0, 96.5978, 411.2324
60.625, 97.01895, 411.1324
60.625, 97.4401, 411.03238
61.875, 97.86125, 410.93237
61.875, 98.2824, 410.83237
62.5, 98.70355, 410.73236
62.5, 99.1247, 410.63235
63.125, 99.54585, 410.53235
63.75, 99.967, 410.43234
63.75, 100.38815, 410.33234
63.75, 100.8093, 410.23233
63.75, 101.23045, 410.13232
64.375, 101.6516, 410.03232
64.375, 102.072754, 409.9323
64.375, 102.493904, 409.8323
65.0, 102.915054, 409.7323
65.0, 103.336205, 409.6323
65.625, 103.757355, 409.5323
65.625, 104.178505, 409.43228
65.625, 104.599655, 409.33228
66.25, 105.020805, 409.23227
66.25, 105.441956, 409.13226
66.25, 105.863106, 409.03226
66.875, 106.284256, 408.93225
66.875, 106.70541, 408.83224
66.875, 107.12656, 408.73224
67.5, 107.54771, 408.63223
67.5, 107.96934, 408.53223
68.125, 108.39146, 408.43222
68.125, 108.81406, 408.3322
69.375, 109.23666, 408.2322
69.375, 109.65974, 408.1322
70.0, 110.0833, 408.0322
70.625, 110.50734, 407.9322
70.625, 110.93138, 407.83218
71.875, 111.3559, 407.73218
71.875, 111.78091, 407.63217
72.5, 112.20639, 407.53217
72.5, 112.632355, 407.43216
73.125, 113.0588, 407.33215
73.125, 113.485245, 407.23215
73.75, 113.91169, 407.13214
73.75, 114.338135, 407.03214
74.375, 114.76506, 406.93213
74.375, 115.191986, 406.83212
75.0, 115.61891, 406.73212
75.0, 116.04584, 406.6321
75.625, 116.47324, 406.5321
75.625, 116.90065, 406.4321
75.625, 117.32854, 406.3321
75.625, 117.756424, 406.2321
76.25, 118.18431, 406.13208
76.25, 118.61268, 406.03207
76.875, 119.041046, 405.93207
76.875, 119.470375, 405.83206
76.875, 119.900665, 405.73206
76.875, 120.33192, 405.63205
76.875, 120.76365, 405.53204
76.875, 121.19634, 405.43204
76.875, 121.63, 405.33203
76.875, 122.06461, 405.23203
76.875, 122.49971, 405.13202
76.25, 122.93577, 405.032
76.25, 123.37279, 404.932
75.625, 123.81077, 404.832
75.625, 124.24875, 404.732
75.625, 124.68721, 404.632
75.625, 125.12567, 404.53198
75.625, 125.56461, 404.43198
75.0, 126.003555, 404.33197
75.0, 126.4425, 404.23196
75.0, 126.88192, 404.13196
74.375, 127.32182, 404.03195
74.375, 127.76221, 403.93195
73.75, 128.20404, 403.83194
73.75, 128.64587, 403.73193
73.75, 129.08867, 403.63193
73.125, 129.53194, 403.53192
73.125, 129.9752, 403.43192
73.125, 130.41896, 403.3319
73.125, 130.86272, 403.2319
72.5, 131.30647, 403.1319
72.5, 131.7507, 403.0319
71.875, 132.19542, 402.9319
71.875, 132.64014, 402.83188
71.875, 133.08533, 402.73187
71.875, 133.53052, 402.63187
71.875, 133.9762, 402.53186
71.875, 134.42188, 402.43185
71.875, 134.86755, 402.33185
71.875, 135.3137, 402.23184
71.25, 135.75986, 402.13184
71.25, 136.20601, 402.03183
71.25, 136.65265, 401.93182
71.25, 137.09976, 401.83182
71.25, 137.54736, 401.7318
70.625, 137.99544, 401.6318
70.625, 138.444, 401.5318
70.0, 138.894, 401.4318
70.0, 139.34448, 401.3318
70.0, 139.79544, 401.23178
70.0, 140.24736, 401.13177
70.0, 140.69977, 401.03177
69.375, 141.15314, 400.93176
69.375, 141.60698, 400.83176
69.375, 142.06178, 400.73175
68.75, 142.51707, 400.63174
68.75, 142.97333, 400.53174
68.75, 143.43005, 400.43173
68.75, 143.88774, 400.33173
68.75, 144.34592, 400.23172
68.125, 144.80457, 400.1317
68.125, 145.2637, 400.0317
68.125, 145.72284, 399.9317
68.125, 146.18198, 399.8317
68.125, 146.64207, 399.7317
68.125, 147.10265, 399.63168
67.5, 147.5637, 399.53168
67.5, 148.02524, 399.43167
67.5, 148.48726, 399.33167
66.875, 148.94928, 399.23166
66.875, 149.41177, 399.13165
66.875, 149.87523, 399.03165
66.875, 150.33965, 398.93164
66.875, 150.80502, 398.83163
66.25, 151.2704, 398.73163
66.25, 151.73627, 398.63162
66.25, 152.2026, 398.53162
66.25, 152.66943, 398.4316
66.25, 153.13673, 398.3316
66.25, 153.60403, 398.2316
66.25, 154.07133, 398.1316
66.25, 154.53864, 398.0316
66.25, 155.00594, 397.93158
66.25, 155.47324, 397.83157
66.25, 155.94054, 397.73157
66.25, 156.40784, 397.63156
66.25, 156.87514, 397.53156
66.25, 157.34244, 397.43155
66.25, 157.80974, 397.33154
66.25, 158.27704, 397.23154
66.25, 158.74434, 397.13153
66.25, 159.21164, 397.03152
66.25, 159.67894, 396.93152
66.25, 160.14624, 396.8315
66.25, 160.61354, 396.7315
66.25, 161.08325, 396.6315
66.25, 161.55585, 396.5315
66.25, 162.03325, 396.4315
66.25, 162.51306, 396.33148
66.25, 162.99623, 396.23148
65.625, 163.48085, 396.13147
65.625, 163.9669, 396.03146
65.625, 164.45392, 395.93146
65.625, 164.9419, 395.83145
65.625, 165.43036, 395.73145
65.625, 165.9193, 395.63144
65.625, 166.40872, 395.53143
65.0, 166.89958, 395.43143
65.0, 167.3914, 395.33142
65.0, 167.88322, 395.2314
64.375, 168.37505, 395.1314
64.375, 168.86832, 395.0314
64.375, 169.36351, 394.9314
62.5, 169.8587, 394.8314
62.5, 170.35822, 394.73138
61.875, 170.85822, 394.63138
61.875, 171.3587, 394.53137
61.25, 171.85966, 394.43137
60.625, 172.36208, 394.33136
60.625, 172.86545, 394.23135
60.625, 173.36882, 394.13135
60.625, 173.87267, 394.03134
60.0, 174.377, 393.93134
60.0, 174.88133, 393.83133
59.375, 175.38614, 393.73132
59.375, 175.8919, 393.63132
59.375, 176.39816, 393.5313
58.75, 176.90489, 393.4313
58.125, 177.41211, 393.3313
57.5, 177.92076, 393.2313
57.5, 178.43037, 393.1313
57.5, 178.94048, 393.03128
56.875, 179.45105, 392.93127
56.25, 179.96307, 392.83127
55.625, 180.47557, 392.73126
55.0, 180.98952, 392.63126
54.375, 181.50443, 392.53125
53.75, 182.0203, 392.43124
53.75, 182.53664, 392.33124
53.125, 183.05298, 392.23123
53.125, 183.57028, 392.13123
52.5, 184.08807, 392.03122
51.875, 184.60634, 391.9312
51.875, 185.12509, 391.8312
50.625, 185.64432, 391.7312
50.0, 186.16403, 391.6312
50.0, 186.68422, 391.5312
48.125, 187.2044, 391.43118
48.125, 187.72556, 391.33118
46.875, 188.2467, 391.23117
45.625, 188.76834, 391.13116
44.375, 189.29094, 391.03116
43.125, 189.81401, 390.93115
41.875, 190.33804, 390.83115
40.625, 190.86256, 390.73114
39.375, 191.38708, 390.63113
39.375, 191.91257, 390.53113
38.125, 192.43852, 390.43112
38.125, 192.96497, 390.33112
38.125, 193.49141, 390.2311
37.5, 194.01785, 390.1311
36.875, 194.54526, 390.0311
36.875, 195.07314, 389.9311
36.25, 195.6015, 389.8311
35.625, 196.13083, 389.73108
35.625, 196.66063, 389.63107
35.625, 197.19092, 389.53107
35.625, 197.72217, 389.43106
35.625, 198.25438, 389.33105
35.625, 198.78708, 389.23105
35.625, 199.32074, 389.13104
35.625, 199.85536, 389.03104
35.625, 200.39046, 388.93103
35.625, 200.92604, 388.83102
35.625, 201.46162, 388.73102
35.625, 201.99768, 388.631
35.625, 202.5347, 388.531
35.625, 203.0722, 388.431
35.625, 203.60971, 388.331
36.25, 204.14722, 388.231
36.25, 204.6852, 388.13098
36.25, 205.22318, 388.03098
37.5, 205.76115, 387.93097
37.5, 206.29962, 387.83096
38.125, 206.83856, 387.73096
38.75, 207.3775, 387.63095
39.375, 207.91693, 387.53094
40.0, 208.45636, 387.43094
40.0, 208.99579, 387.33093
41.25, 209.53569, 387.23093
41.875, 210.07559, 387.13092
41.875, 210.61598, 387.0309
42.5, 211.15637, 386.9309
43.125, 211.69676, 386.8309
43.75, 212.23763, 386.7309
43.75, 212.77849, 386.6309
44.375, 213.31935, 386.53088
45.0, 213.8607, 386.43088
45.625, 214.40205, 386.33087
45.625, 214.94388, 386.23087
46.25, 215.48619, 386.13086
46.875, 216.02898, 386.03085
46.875, 216.57225, 385.93085
47.5, 217.11552, 385.83084
47.5, 217.65927, 385.73083
48.125, 218.2035, 385.63083
48.125, 218.74774, 385.53082
48.125, 219.29245, 385.43082
48.125, 219.83765, 385.3308
48.125, 220.38332, 385.2308
48.125, 220.92899, 385.1308
48.125, 221.47562, 385.0308
48.125, 222.0237, 384.9308
48.125, 222.57178, 384.83078
48.125, 223.12033, 384.73077
48.125, 223.67033, 384.63077
48.125, 224.22034, 384.53076
48.125, 224.7713, 384.43076
48.125, 225.32274, 384.33075
48.125, 225.87418, 384.23074
47.5, 226.42561, 384.13074
47.5, 226.97754, 384.03073
46.875, 227.52994, 383.93073
45.625, 228.08282, 383.83072
45.0, 228.63571, 383.7307
44.375, 229.18956, 383.6307
43.75, 229.74341, 383.5307
42.5, 230.29726, 383.4307
40.625, 230.85158, 383.3307
40.625, 231.40686, 383.23068
40.0, 231.96214, 383.13068
40.0, 232.51791, 383.03067
38.75, 233.07368, 382.93066
38.75, 233.62993, 382.83066
36.25, 234.18617, 382.73065
34.375, 234.74338, 382.63065
34.375, 235.30154, 382.53064
34.375, 235.85971, 382.43063
33.125, 236.41788, 382.33063
32.5, 236.977, 382.23062
31.875, 237.53662, 382.1306
31.25, 238.09624, 382.0306
30.625, 238.65681, 381.9306
30.625, 239.21786, 381.8306
30.0, 239.77892, 381.7306
29.375, 240.3419, 381.63058
28.75, 240.90536, 381.53058
28.75, 241.46979, 381.43057
28.75, 242.0347, 381.33057
28.75, 242.60008, 381.23056
28.75, 243.16595, 381.13055
30.0, 243.7323, 381.03055
30.0, 244.30106, 380.93054
30.625, 244.87029, 380.83054
31.25, 245.44048, 380.73053
31.875, 246.01115, 380.63052
32.5, 246.5823, 380.53052
32.5, 247.15395, 380.4305
32.5, 247.72559, 380.3305
32.5, 248.29723, 380.2305
33.125, 248.86887, 380.1305
33.125, 249.4405, 380.0305
33.125, 250.01262, 379.93048
33.75, 250.58473, 379.83047
33.75, 251.15685, 379.73047
33.75, 251.72945, 379.63046
34.375, 252.30205, 379.53046
34.375, 252.87465, 379.43045
34.375, 253.44772, 379.33044
34.375, 254.0208, 379.23044
34.375, 254.59387, 379.13043
34.375, 255.16695, 379.03043
34.375, 255.74002, 378.93042
34.375, 256.31357, 378.8304
34.375, 256.88712, 378.7304
34.375, 257.46066, 378.6304
34.375, 258.0347, 378.5304
34.375, 258.60873, 378.4304
34.375, 259.18326, 378.33038
34.375, 259.75827, 378.23038
33.75, 260.33374, 378.13037
33.75, 260.9092, 378.03036
33.125, 261.48517, 377.93036
32.5, 262.0616, 377.83035
31.875, 262.63855, 377.73035
30.625, 263.21643, 377.63034
30.0, 263.7943, 377.53033
28.75, 264.37268, 377.43033
27.5, 264.95154, 377.33032
26.875, 265.53085, 377.23032
26.25, 266.11066, 377.1303
25.0, 266.69144, 377.0303
24.375, 267.27267, 376.9303
23.125, 267.8544, 376.8303
22.5, 268.4366, 376.7303
22.5, 269.01932, 376.63028
21.25, 269.60202, 376.53027
20.625, 270.18567, 376.43027
20.0, 270.76932, 376.33026
19.375, 271.35345, 376.23026
18.75, 271.93808, 376.13025
18.125, 272.52316, 376.03024
17.5, 273.10873, 375.93024
16.25, 273.6943, 375.83023
16.25, 274.2813, 375.73022
15.625, 274.86832, 375.63022
15.625, 275.4558, 375.5302
15.0, 276.0433, 375.4302
15.0, 276.6308, 375.3302
15.0, 277.2183, 375.2302
15.0, 277.8058, 375.1302
15.0, 278.39328, 375.03018
15.0, 278.98077, 374.93018
15.0, 279.56827, 374.83017
15.0, 280.15576, 374.73016
15.0, 280.74326, 374.63016
15.0, 281.33075, 374.53015
15.0, 281.91824, 374.43015
15.0, 282.50574, 374.33014
15.0, 283.09323, 374.23013
15.0, 283.68073, 374.13013
15.0, 284.26822, 374.03012
15.0, 284.8557, 373.9301
15.0, 285.4432, 373.8301
15.0, 286.0307, 373.7301
15.0, 286.6182, 373.6301
15.0, 287.2057, 373.5301
15.0, 287.79416, 373.43008
15.0, 288.38455, 373.33008
15.0, 288.97638, 373.23007
15.0, 289.56964, 373.13007
14.375, 290.16437, 373.03006
14.375, 290.75955, 372.93005
14.375, 291.35474, 372.83005
14.375, 291.9504, 372.73004
14.375, 292.54657, 372.63004
13.75, 293.14322, 372.53003
13.75, 293.74033, 372.43002
13.75, 294.33792, 372.33002
13.75, 294.936, 372.23
13.75, 295.53503, 372.13
13.75, 296.13504, 372.03
13.125, 296.73505, 371.93
12.5, 297.33554, 371.83
12.5, 297.93698, 371.72998
12.5, 298.53842, 371.62997
11.875, 299.14084, 371.52997
11.875, 299.7442, 371.42996
11.25, 300.34854, 371.32996
11.25, 300.95334, 371.22995
10.625, 301.55862, 371.12994
10.625, 302.1644, 371.02994
10.0, 302.77066, 370.92993
10.0, 303.37738, 370.82993
10.0, 303.9846, 370.72992
9.375, 304.5918, 370.6299
9.375, 305.1995, 370.5299
8.75, 305.8072, 370.4299
8.75, 306.41537, 370.3299
8.75, 307.02356, 370.2299
8.125, 307.63174, 370.12988
8.125, 308.2404, 370.02988
7.5, 308.84903, 369.92987
6.875, 309.45767, 369.82986
6.875, 310.0668, 369.72986
6.875, 310.67593, 369.62985
6.25, 311.28555, 369.52985
5.625, 311.89566, 369.42984
5.625, 312.50577, 369.32983
5.0, 313.11633, 369.22983
4.375, 313.7269, 369.12982
3.75, 314.33795, 369.02982
2.5, 314.9495, 368.9298
2.5, 315.56152, 368.8298
0.625, 316.17355, 368.7298
0.625, 316.78604, 368.6298
0.0, 317.39902, 368.5298
0.0, 318.01248, 368.42978
0.0, 318.62595, 368.32977
0.0, 319.2394, 368.22977
0.0, 319.85287, 368.12976
0.0, 320.46634, 368.02975
0.0, 321.0798, 367.92975
0.0, 321.69327, 367.82974
0.0, 322.30673, 367.72974
0.0, 322.9202, 367.62973
0.0, 323.53366, 367.52972
0.0, 324.14713, 367.42972
0.0, 324.7606, 367.3297
0.0, 325.37405, 367.2297
0.0, 325.98752, 367.1297
0.0, 326.60098, 367.0297
0.0, 327.21445, 366.9297
0.0, 327.8279, 366.82968
0.0, 328.44138, 366.72968
0.0, 329.05484, 366.62967
0.0, 329.6683, 366.52966
0.0, 330.28177, 366.42966
0.0, 330.89523, 366.32965
0.0, 331.5087, 366.22964
0.0, 332.12216, 366.12964
0.0, 332.73563, 366.02963
0.0, 333.3491, 365.92963
0.0, 333.96255, 365.82962
0.0, 334.57602, 365.7296
0.0, 335.18948, 365.6296
0.0, 335.80295, 365.5296
0.0, 336.4164, 365.4296
0.0, 337.02988, 365.3296
0.0, 337.64334, 365.22958
0.0, 338.2568, 365.12958
0.0, 338.87027, 365.02957
0.0, 339.48373, 364.92957
0.0, 340.0972, 364.82956
0.0, 340.71066, 364.72955
0.0, 341.32413, 364.62955
0.0, 341.9376, 364.52954
0.0, 342.55106, 364.42953
0.0, 343.16452, 364.32953
0.0, 343.77798, 364.22952
0.0, 344.39145, 364.12952
0.0, 345.0049, 364.0295
0.0, 345.61838, 363.9295
0.0, 346.23184, 363.8295
0.0, 346.8453, 363.7295
0.0, 347.45877, 363.6295
0.0, 348.07224, 363.52948
0.0, 348.6857, 363.42947
0.0, 349.29916, 363.32947
0.0, 349.91263, 363.22946
0.0, 350.5261, 363.12946
0.0, 351.13956, 363.02945
0.0, 351.75302, 362.92944
0.0, 352.3665, 362.82944
0.0, 352.97995, 362.72943
0.0, 353.5934, 362.62943
0.0, 354.20688, 362.52942
0.625, 354.82034, 362.4294
2.5, 355.16602, 362.3294
5.625, 355.51312, 362.2294
6.25, 355.86215, 362.1294
7.5, 356.21167, 362.0294
8.125, 356.56216, 361.92938
8.75, 356.9136, 361.82938
9.375, 357.26602, 361.72937
10.625, 357.6194, 361.62936
11.25, 357.97372, 361.52936
11.875, 358.329, 361.42935
12.5, 358.68527, 361.32935
13.125, 359.04153, 361.22934
13.125, 359.39874, 361.12933
13.75, 359.75644, 361.02933
13.75, 360.11462, 360.92932
14.375, 360.47327, 360.8293
15.0, 360.8324, 360.7293
15.0, 361.19202, 360.6293
15.625, 361.55164, 360.5293
15.625, 361.9122, 360.4293
16.25, 362.27325, 360.32928
16.25, 362.6348, 360.22928
16.25, 362.99634, 360.12927
16.875, 363.35883, 360.02927
16.875, 363.7213, 359.92926
17.5, 364.0843, 359.82925
17.5, 364.44824, 359.72925
17.5, 364.8122, 359.62924
17.5, 365.17615, 359.52924
17.5, 365.54056, 359.42923
17.5, 365.90497, 359.32922
18.125, 366.26987, 359.22922
18.75, 366.63574, 359.1292
18.75, 367.00208, 359.0292
18.75, 367.3689, 358.9292
19.375, 367.7362, 358.8292
19.375, 368.10446, 358.7292
20.0, 368.4732, 358.62918
20.0, 368.84338, 358.52917
20.625, 369.21356, 358.42917
20.625, 369.58423, 358.32916
20.625, 369.95538, 358.22916
21.25, 370.32748, 358.12915
21.25, 370.70056, 358.02914
21.25, 371.0746, 357.92914
21.25, 371.4491, 357.82913
21.25, 371.8241, 357.72913
21.875, 372.1996, 357.62912
21.875, 372.5765, 357.5291
21.875, 372.95392, 357.4291
21.875, 373.33133, 357.3291
22.5, 373.7097, 357.2291
22.5, 374.08804, 357.1291
22.5, 374.46738, 357.02908
23.125, 374.84814, 356.92908
23.125, 375.2299, 356.82907
23.125, 375.61163, 356.72906
23.125, 375.99384, 356.62906
23.125, 376.37653, 356.52905
23.125, 376.75922, 356.42905
23.125, 377.1424, 356.32904
23.125, 377.52652, 356.22903
23.125, 377.91113, 356.12903
23.125, 378.29672, 356.02902
23.125, 378.68277, 355.92902
23.125, 379.0693, 355.829
23.125, 379.45682, 355.729
23.125, 379.8448, 355.629
23.125, 380.23325, 355.529
23.125, 380.6217, 355.429
23.125, 381.01065, 355.32898
22.5, 381.3996, 355.22897
22.5, 381.78903, 355.12897
22.5, 382.17892, 355.02896
22.5, 382.56882, 354.92896
21.875, 382.9592, 354.82895
21.875, 383.35007, 354.72894
21.875, 383.74142, 354.62894
21.25, 384.13278, 354.52893
21.25, 384.5246, 354.42892
21.25, 384.9169, 354.32892
21.25, 385.3092, 354.2289
20.625, 385.702, 354.1289
20.625, 386.0948, 354.0289
20.625, 386.48807, 353.9289
20.625, 386.8818, 353.8289
20.0, 387.27554, 353.72888
20.0, 387.66977, 353.62888
20.0, 388.06448, 353.52887
20.0, 388.4592, 353.42886
19.375, 388.8544, 353.32886
19.375, 389.25006, 353.22885
19.375, 389.6462, 353.12885
19.375, 390.04236, 353.02884
19.375, 390.439, 352.92883
19.375, 390.83658, 352.82883
19.375, 391.23465, 352.72882
19.375, 391.6337, 352.6288
19.375, 392.03275, 352.5288
19.375, 392.43225, 352.4288
19.375, 392.83224, 352.3288
19.375, 393.23224, 352.2288
19.375, 393.63272, 352.12878
19.375, 394.0337, 352.02878
19.375, 394.43512, 351.92877
19.375, 394.83655, 351.82877
19.375, 395.23798, 351.72876
19.375, 395.6399, 351.62875
20.0, 396.0423, 351.52875
20.0, 396.4447, 351.42874
20.0, 396.8476, 351.32874
20.0, 397.2505, 351.22873
20.625, 397.65338, 351.12872
20.625, 398.05673, 351.02872
20.625, 398.46057, 350.9287
20.625, 398.8644, 350.8287
21.25, 399.26825, 350.7287
21.25, 399.6721, 350.6287
21.875, 400.07593, 350.5287
21.875, 400.48026, 350.42868
21.875, 400.88458, 350.32867
22.5, 401.2894, 350.22867
23.125, 401.69467, 350.12866
23.75, 402.10043, 350.02866
24.375, 402.5062, 349.92865
25.0, 402.91293, 349.82864
25.0, 403.32016, 349.72864
25.625, 403.7274, 349.62863
25.625, 404.1346, 349.52863
25.625, 404.5423, 349.42862
26.25, 404.94998, 349.3286
26.875, 405.35767, 349.2286
26.875, 405.76584, 349.1286
26.875, 406.174, 349.0286
26.875, 406.58218, 348.9286
27.5, 406.99036, 348.82858
27.5, 407.39853, 348.72858
27.5, 407.8067, 348.62857
27.5, 408.21536, 348.52856
28.125, 408.62402, 348.42856
28.125, 409.03268, 348.32855
28.75, 409.44135, 348.22855
28.75, 409.85, 348.12854
28.75, 410.25916, 348.02853
29.375, 410.6683, 347.92853
30.0, 411.07745, 347.82852
30.0, 411.4866, 347.72852
30.625, 411.8962, 347.6285
31.25, 412.30582, 347.5285
31.25, 412.71542, 347.4285
31.875, 413.12503, 347.3285
32.5, 413.53513, 347.2285
32.5, 413.9457, 347.12848
32.5, 414.3563, 347.02847
32.5, 414.76688, 346.92847
33.125, 415.17746, 346.82846
33.125, 415.58804, 346.72845
33.125, 415.99863, 346.62845
33.75, 416.4097, 346.52844
33.75, 416.82077, 346.42844
34.375, 417.23184, 346.32843
34.375, 417.6429, 346.22842
34.375, 418.054, 346.12842
35.0, 418.4655, 346.0284
35.0, 418.87704, 345.9284
35.625, 419.28857, 345.8284
36.25, 419.7001, 345.7284
36.25, 420.11212, 345.6284
36.875, 420.52414, 345.52838
37.5, 420.93665, 345.42838
38.125, 421.34915, 345.32837
38.125, 421.76166, 345.22836
38.75, 422.17465, 345.12836
39.375, 422.58765, 345.02835
40.0, 423.00064, 344.92834
40.0, 423.4141, 344.82834
40.625, 423.82755, 344.72833
40.625, 424.241, 344.62833
40.625, 424.65494, 344.52832
40.625, 425.06888, 344.4283
41.25, 425.48282, 344.3283
41.25, 425.89676, 344.2283
42.5, 426.3112, 344.1283
43.125, 426.7261, 344.0283
43.75, 427.14102, 343.92828
44.375, 427.5564, 343.82828
45.0, 427.97177, 343.72827
45.0, 428.38763, 343.62827
45.625, 428.8035, 343.52826
46.25, 429.21985, 343.42825
46.875, 429.6367, 343.32825
47.5, 430.05353, 343.22824
47.5, 430.47037, 343.12823
48.125, 430.88766, 343.02823
48.125, 431.30496, 342.92822
48.125, 431.72226, 342.82822
48.75, 432.14005, 342.7282
48.75, 432.55783, 342.6282
48.75, 432.97562, 342.5282
49.375, 433.3934, 342.4282
49.375, 433.81168, 342.3282
50.0, 434.22995, 342.22818
50.625, 434.6487, 342.12817
50.625, 435.06793, 342.02817
51.25, 435.48715, 341.92816
51.25, 435.90686, 341.82816
51.25, 436.32657, 341.72815
51.875, 436.74628, 341.62814
52.5, 437.16647, 341.52814
53.125, 437.58716, 341.42813
53.125, 438.00784, 341.32812
53.125, 438.429, 341.22812
53.75, 438.85013, 341.1281
53.75, 439.27176, 341.0281
53.75, 439.6934, 340.9281
54.375, 440.11502, 340.8281
55.0, 440.53763, 340.7281
55.0, 440.9607, 340.62808
55.625, 441.38376, 340.52808
55.625, 441.8073, 340.42807
55.625, 442.23087, 340.32806
56.25, 442.6549, 340.22806
56.25, 443.07895, 340.12805
56.25, 443.50348, 340.02805
56.25, 443.928, 339.92804
56.25, 444.353, 339.82803
56.25, 444.77798, 339.72803
56.25, 445.20346, 339.62802
56.25, 445.62894, 339.528
56.25, 446.0544, 339.428
56.25, 446.4799, 339.328
56.25, 446.90536, 339.228
56.25, 447.33133, 339.128
56.25, 447.7573, 339.02798
56.25, 448.1842, 338.92798
55.625, 448.6111, 338.82797
55.625, 449.0385, 338.72797
55.0, 449.4659, 338.62796
55.0, 449.8938, 338.52795
53.75, 450.32217, 338.42795
53.125, 450.751, 338.32794
52.5, 451.17984, 338.22794
51.875, 451.60867, 338.12793
51.25, 452.038, 338.02792
50.625, 452.46732, 337.92792
49.375, 452.89713, 337.8279
49.375, 453.32693, 337.7279
48.125, 453.75723, 337.6279
46.875, 454.18753, 337.5279
46.25, 454.61783, 337.4279
45.625, 455.04813, 337.32788
44.375, 455.47842, 337.22787
43.75, 455.90872, 337.12787
43.75, 456.33902, 337.02786
43.125, 456.76932, 336.92786
41.875, 457.19962, 336.82785
39.375, 457.6299, 336.72784
38.125, 458.05972, 336.62784
37.5, 458.48953, 336.52783
36.25, 458.91885, 336.42783
36.25, 459.34818, 336.32782
35.625, 459.7775, 336.2278
35.0, 460.20633, 336.1278
35.0, 460.63516, 336.0278
34.375, 461.064, 335.9278
33.75, 461.49283, 335.8278
33.125, 461.9212, 335.72778
33.125, 462.34958, 335.62778
32.5, 462.77747, 335.52777
31.875, 463.20535, 335.42776
30.625, 463.63275, 335.32776
30.0, 464.06015, 335.22775
30.0, 464.48755, 335.12775
30.0, 464.91446, 335.02774
28.75, 465.34137, 334.92773
28.75, 465.76828, 334.82773
28.75, 466.1952, 334.72772
28.125, 466.6221, 334.62772
27.5, 467.049, 334.5277
26.875, 467.47592, 334.4277
26.25, 467.90283, 334.3277
26.25, 468.32974, 334.2277
26.25, 468.75665, 334.1277
25.625, 469.18356, 334.02768
25.625, 469.61047, 333.92767
25.0, 470.03738, 333.82767
24.375, 470.46478, 333.72766
24.375, 470.89218, 333.62766
24.375, 471.31958, 333.52765
23.75, 471.74698, 333.42764
23.75, 472.17487, 333.32764
23.75, 472.60275, 333.22763
23.125, 473.03064, 333.12762
22.5, 473.459, 333.02762
21.875, 473.88785, 332.9276
21.875, 474.31717, 332.8276
21.875, 474.7465, 332.7276
21.25, 475.1763, 332.6276
20.625, 475.6061, 332.5276
20.625, 476.0364, 332.42758
20.0, 476.46716, 332.32758
19.375, 476.89792, 332.22757
19.375, 477.32965, 332.12756
18.75, 477.76187, 332.02756
18.125, 478.1941, 331.92755
18.125, 478.62726, 331.82755
17.5, 479.0609, 331.72754
17.5, 479.4955, 331.62753
17.5, 479.9306, 331.52753
17.5, 480.3657, 331.42752
17.5, 480.80078, 331.3275
16.875, 481.23685, 331.2275
16.875, 481.67386, 331.1275
16.875, 482.11136, 331.0275
16.875, 482.54984, 330.9275
16.875, 482.98877, 330.82748
16.875, 483.4277, 330.72748
16.875, 483.8676, 330.62747
16.875, 484.308, 330.52747
16.875, 484.7484, 330.42746
16.875, 485.18927, 330.32745
16.875, 485.6306, 330.22745
16.875, 486.07294, 330.12744
16.875, 486.51572, 330.02744
17.5, 486.9585, 329.92743
17.5, 487.40176, 329.82742
18.125, 487.84552, 329.72742
18.125, 488.28976, 329.6274
18.125, 488.734, 329.5274
18.125, 489.1787, 329.4274
18.75, 489.6234, 329.3274
18.75, 490.0686, 329.2274
19.375, 490.5138, 329.12738
19.375, 490.95898, 329.02737
20.0, 491.40417, 328.92737
20.625, 491.84985, 328.82736
21.25, 492.29602, 328.72736
21.25, 492.7422, 328.62735
22.5, 493.1888, 328.52734
22.5, 493.63544, 328.42734
23.125, 494.08206, 328.32733
23.125, 494.52917, 328.22733
23.75, 494.9763, 328.12732
24.375, 495.4234, 328.0273
25.0, 495.8705, 327.9273
25.625, 496.3181, 327.8273
26.875, 496.76572, 327.7273
27.5, 497.21332, 327.6273
28.125, 497.6614, 327.52728
28.75, 498.1095, 327.42728
29.375, 498.5576, 327.32727
29.375, 499.00568, 327.22726
29.375, 499.45377, 327.12726
30.0, 499.90186, 327.02725
30.0, 500.34995, 326.92725
30.0, 500.79803, 326.82724
30.0, 501.24612, 326.72723
30.625, 501.6942, 326.62723
31.875, 502.1423, 326.52722
31.875, 502.5904, 326.42722
33.75, 503.03848, 326.3272
35.625, 503.48657, 326.2272
35.625, 503.93512, 326.1272
36.25, 504.38367, 326.0272
36.25, 504.8322, 325.9272
36.25, 505.28076, 325.82718
36.25, 505.7293, 325.72717
36.875, 506.17786, 325.62717
36.875, 506.6264, 325.52716
36.875, 507.07495, 325.42715
37.5, 507.5235, 325.32715
37.5, 507.97205, 325.22714
38.125, 508.4206, 325.12714
38.125, 508.86914, 325.02713
38.125, 509.3177, 324.92712
38.75, 509.76624, 324.82712
39.375, 510.21478, 324.7271
39.375, 510.66333, 324.6271
40.0, 511.11188, 324.5271
40.0, 511.56042, 324.4271
40.625, 512.009, 324.3271
41.25, 512.4575, 324.22708
41.25, 512.90607, 324.12708
41.875, 513.3546, 324.02707
41.875, 513.80365, 323.92706
42.5, 514.2527, 323.82706
42.5, 514.7022, 323.72705
42.5, 515.15173, 323.62704
43.125, 515.60126, 323.52704
43.125, 516.0508, 323.42703
43.75, 516.5008, 323.32703
44.375, 516.9508, 323.22702
44.375, 517.4013, 323.127
45.0, 517.8523, 323.027
45.0, 518.3033, 322.927
45.0, 518.7543, 322.827
45.0, 519.20526, 322.727
45.0, 519.6567, 322.62698
45.0, 520.1081, 322.52698
45.0, 520.5595, 322.42697
45.0, 521.0109, 322.32697
45.0, 521.46234, 322.22696
45.0, 521.91376, 322.12695
45.625, 522.36566, 322.02695
45.625, 522.81757, 321.92694
45.625, 523.26996, 321.82693
45.625, 523.7233, 321.72693
45.625, 524.1777, 321.62692
45.625, 524.632, 321.52692
45.625, 525.08685, 321.4269
45.625, 525.5417, 321.3269
45.625, 525.9965, 321.2269
45.625, 526.4518, 321.1269
45.625, 526.90704, 321.0269
45.625, 527.3623, 320.92688
45.625, 527.81805, 320.82687
45.625, 528.2743, 320.72687
45.625, 528.7305, 320.62686
45.0, 529.18677, 320.52686
45.0, 529.6435, 320.42685
45.0, 530.1002, 320.32684
44.375, 530.55743, 320.22684
44.375, 531.01465, 320.12683
43.75, 531.47235, 320.02682
43.75, 531.93005, 319.92682
43.75, 532.38776, 319.8268
43.75, 532.84546, 319.7268
43.75, 533.30316, 319.6268
43.75, 533.76086, 319.5268
43.75, 534.21857, 319.4268
43.75, 534.6763, 319.32678
43.75, 535.134, 319.22678
43.75, 535.5917, 319.12677
43.75, 536.0494, 319.02676
43.75, 536.5071, 318.92676
43.75, 536.9648, 318.82675
43.75, 537.4225, 318.72675
43.75, 537.8802, 318.62674
43.75, 538.3379, 318.52673
43.75, 538.7956, 318.42673
43.75, 539.2533, 318.32672
43.75, 539.711, 318.2267
43.75, 540.1687, 318.1267
43.75, 540.6264, 318.0267
43.75, 541.0841, 317.9267
43.75, 541.5418, 317.8267
43.75, 541.9995, 317.72668
43.75, 542.4582, 317.62668
42.5, 542.9169, 317.52667
41.875, 543.37695, 317.42667
41.875, 543.838, 317.32666
41.25, 544.2991, 317.22665
41.25, 544.76013, 317.12665
40.625, 545.2217, 317.02664
40.625, 545.6832, 316.92664
40.625, 546.1448, 316.82663
40.0, 546.6068, 316.72662
39.375, 547.06885, 316.62662
39.375, 547.5314, 316.5266
38.75, 547.9943, 316.4266
38.125, 548.45776, 316.3266
38.125, 548.9212, 316.2266
37.5, 549.38513, 316.1266
37.5, 549.84955, 316.02658
37.5, 550.31445, 315.92657
37.5, 550.77985, 315.82657
37.5, 551.24524, 315.72656
37.5, 551.7116, 315.62656
37.5, 552.1784, 315.52655
37.5, 552.6462, 315.42654
37.5, 553.11444, 315.32654
37.5, 553.5837, 315.22653
37.5, 554.0534, 315.12653
37.5, 554.5236, 315.02652
38.125, 554.9943, 314.9265
38.75, 555.46594, 314.8265
39.375, 555.93854, 314.7265
40.625, 556.4116, 314.6265
41.25, 556.8857, 314.5265
41.875, 557.35974, 314.42648
42.5, 557.8343, 314.32648
43.125, 558.30927, 314.22647
43.125, 558.78424, 314.12646
43.75, 559.2597, 314.02646
44.375, 559.73517, 313.92645
44.375, 560.2111, 313.82645
45.0, 560.6871, 313.72644
45.0, 561.163, 313.62643
45.625, 561.639, 313.52643
45.625, 562.1149, 313.42642
46.25, 562.5909, 313.32642
46.875, 563.0673, 313.2264
47.5, 563.54376, 313.1264
48.125, 564.0207, 313.0264
48.75, 564.4976, 312.9264
48.75, 564.97455, 312.8264
48.75, 565.4515, 312.72638
49.375, 565.9289, 312.62637
49.375, 566.4063, 312.52637
50.0, 566.8837, 312.42636
50.0, 567.36115, 312.32635
50.0, 567.83856, 312.22635
50.625, 568.316, 312.12634
51.25, 568.7939, 312.02634
51.875, 569.2718, 311.92633
51.875, 569.7497, 311.82632
52.5, 570.2276, 311.72632
52.5, 570.706, 311.6263
53.125, 571.1844, 311.5263
53.75, 571.6628, 311.4263
53.75, 572.1416, 311.3263
54.375, 572.6204, 311.2263
55.0, 573.09924, 311.12628
55.625, 573.57806, 311.02628
55.625, 574.0574, 310.92627
56.25, 574.5367, 310.82626
56.25, 575.016, 310.72626
56.875, 575.4953, 310.62625
56.875, 575.9746, 310.52625
57.5, 576.4544, 310.42624
58.125, 576.9342, 310.32623
58.125, 577.414, 310.22623
58.75, 577.8938, 310.12622
58.75, 578.3736, 310.0262
59.375, 578.8534, 309.9262
59.375, 579.3337, 309.8262
60.0, 579.81396, 309.7262
60.625, 580.29425, 309.6262
60.625, 580.77454, 309.52618
61.25, 581.2553, 309.42618
61.875, 581.7361, 309.32617
63.125, 582.21686, 309.22617
63.125, 582.6981, 309.12616
64.375, 583.1794, 309.02615
64.375, 583.66113, 308.92615
65.0, 584.1429, 308.82614
65.0, 584.62463, 308.72614
65.0, 585.1064, 308.62613
65.0, 585.58813, 308.52612
65.0, 586.0699, 308.42612
65.625, 586.55164, 308.3261
65.625, 587.0334, 308.2261
66.25, 587.51514, 308.1261
66.25, 587.9974, 308.0261
66.25, 588.4796, 307.9261
66.875, 588.96185, 307.82608
66.875, 589.4441, 307.72607
66.875, 589.92633, 307.62607
67.5, 590.40857, 307.52606
67.5, 590.8908, 307.42606
67.5, 591.3735, 307.32605
67.5, 591.85614, 307.22604
68.125, 592.3388, 307.12604
68.125, 592.8215, 307.02603
68.125, 593.30414, 306.92603
68.125, 593.7868, 306.82602
68.75, 594.2695, 306.726
68.75, 594.7526, 306.626
69.375, 595.2358, 306.526
69.375, 595.71893, 306.426
69.375, 596.2026, 306.326
70.0, 596.6862, 306.22598
70.0, 597.16986, 306.12598
70.0, 597.6535, 306.02597
70.625, 598.13763, 305.92596
70.625, 598.62177, 305.82596
71.25, 599.1059, 305.72595
71.25, 599.5905, 305.62595
71.875, 600.07513, 305.52594
71.875, 600.56024, 305.42593
71.875, 601.04584, 305.32593
72.5, 601.53143, 305.22592
72.5, 602.0175, 305.12592
72.5, 602.5036, 305.0259
73.125, 602.9897, 304.9259
73.125, 603.47577, 304.8259
73.75, 603.96185, 304.7259
74.375, 604.44836, 304.6259
74.375, 604.9349, 304.52588
75.0, 605.4219, 304.42587
75.0, 605.9089, 304.32587
76.25, 606.3959, 304.22586
76.25, 606.88336, 304.12585
76.875, 607.37134, 304.02585
77.5, 607.8593, 303.92584
77.5, 608.3473, 303.82584
78.125, 608.83527, 303.72583
78.75, 609.3237, 303.62582
78.75, 609.8122, 303.52582
78.75, 610.30066, 303.4258
79.375, 610.7891, 303.3258
79.375, 611.2781, 303.2258
79.375, 611.767, 303.1258
79.375, 612.256, 303.0258
79.375, 612.74493, 302.92578
80.0, 613.2339, 302.82578
80.0, 613.72284, 302.72577
80.0, 614.2118, 302.62576
80.625, 614.70074, 302.52576
81.25, 615.1902, 302.42575
81.25, 615.6796, 302.32574
81.25, 616.16907, 302.22574
81.875, 616.6585, 302.12573
81.875, 617.14844, 302.02573
82.5, 617.63837, 301.92572
83.125, 618.1283, 301.8257
83.125, 618.6182, 301.7257
83.125, 619.10815, 301.6257
83.75, 619.5981, 301.5257
83.75, 620.088, 301.4257
84.375, 620.57794, 301.32568
84.375, 621.0679, 301.22568
85.625, 621.5578, 301.12567
87.5, 622.0477, 301.02567
88.75, 622.53766, 300.92566
90.0, 623.0276, 300.82565
90.0, 623.5175, 300.72565
90.625, 624.00745, 300.62564
91.25, 624.4974, 300.52563
91.25, 624.9873, 300.42563
91.25, 625.47723, 300.32562
91.875, 625.96716, 300.22562
91.875, 626.4571, 300.1256
91.875, 626.947, 300.0256
92.5, 627.43695, 299.9256
92.5, 627.9269, 299.8256
93.125, 628.4168, 299.7256
93.125, 628.90674, 299.62558
93.125, 629.3962, 299.52557
93.125, 629.8856, 299.42557
93.75, 630.37506, 299.32556
93.75, 630.8645, 299.22556
94.375, 631.35394, 299.12555
95.0, 631.8424, 299.02554
95.625, 632.3309, 298.92554
96.25, 632.81885, 298.82553
96.875, 633.30634, 298.72552
98.125, 633.7938, 298.62552
98.75, 634.2808, 298.5255
99.375, 634.76733, 298.4255
99.375, 635.2534, 298.3255
100.0, 635.739, 298.2255
100.625, 636.2246, 298.1255
100.625, 636.7097, 298.02548
101.25, 637.19434, 297.92548
101.875, 637.67896, 297.82547
101.875, 638.1631, 297.72546
102.5, 638.6472, 297.62546
103.125, 639.13086, 297.52545
103.125, 639.614, 297.42545
103.75, 640.0967, 297.32544
105.0, 640.5789, 297.22543
105.0, 641.06067, 297.12543
105.625, 641.54193, 297.02542
105.625, 642.0227, 296.9254
106.25, 642.5035, 296.8254
106.875, 642.98376, 296.7254
106.875, 643.46356, 296.6254
106.875, 643.94336, 296.5254
107.5, 644.42316, 296.42538
107.5, 644.90247, 296.32538
107.5, 645.3818, 296.22537
108.125, 645.8606, 296.12537
108.125, 646.3394, 296.02536
108.125, 646.81824, 295.92535
108.125, 647.29706, 295.82535
108.125, 647.77545, 295.72534
108.125, 648.25385, 295.62534
108.125, 648.73224, 295.52533
108.75, 649.21063, 295.42532
108.75, 649.68854, 295.32532
108.75, 650.16644, 295.2253
108.75, 650.64386, 295.1253
109.375, 651.1213, 295.0253
109.375, 651.5982, 294.9253
110.0, 652.07465, 294.8253
110.625, 652.5506, 294.72528
110.625, 653.02606, 294.62527
111.25, 653.5015, 294.52527
111.875, 653.9765, 294.42526
112.5, 654.4501, 294.32526
112.5, 654.92316, 294.22525
112.5, 655.39624, 294.12524
113.125, 655.86835, 294.02524
113.75, 656.3395, 293.92523
113.75, 656.8102, 293.82523
113.75, 657.2809, 293.72522
113.75, 657.7506, 293.6252
113.75, 658.21985, 293.5252
113.75, 658.6886, 293.4252
114.375, 659.1564, 293.3252
114.375, 659.62366, 293.2252
114.375, 660.09, 293.12518
115.0, 660.5559, 293.02518
115.0, 661.0213, 292.92517
115.0, 661.4867, 292.82516
115.0, 661.9511, 292.72516
115.0, 662.41455, 292.62515
115.0, 662.8775, 292.52515
115.0, 663.33954, 292.42514
115.0, 663.8016, 292.32513
115.0, 664.2631, 292.22513
115.625, 664.7237, 292.12512
115.625, 665.1838, 292.02512
115.625, 665.6434, 291.9251
116.25, 666.1025, 291.8251
116.25, 666.56116, 291.7251
116.25, 667.01935, 291.6251
116.25, 667.47705, 291.5251
116.25, 667.93475, 291.42508
116.875, 668.39197, 291.32507
116.875, 668.8477, 291.22507
116.875, 669.30347, 291.12506
116.875, 669.7587, 291.02505
116.875, 670.21356, 290.92505
116.875, 670.6679, 290.82504
116.875, 671.12177, 290.72504
116.875, 671.57416, 290.62503
116.875, 672.0256, 290.52502
116.875, 672.4756, 290.42502
116.875, 672.9246, 290.325
116.875, 673.37366, 290.225
116.875, 673.8222, 290.125
116.875, 674.27026, 290.025
116.875, 674.7183, 289.925
116.875, 675.16547, 289.82498
116.875, 675.6126, 289.72498
116.875, 676.0588, 289.62497
116.25, 676.50397, 289.52496
115.625, 676.9482, 289.42496
115.625, 677.3919, 289.32495
115.0, 677.8347, 289.22495
114.375, 678.27704, 289.12494
114.375, 678.7189, 289.02493
113.75, 679.1597, 288.92493
113.75, 679.6006, 288.82492
113.125, 680.04095, 288.7249
112.5, 680.48083, 288.6249
111.875, 680.9198, 288.5249
111.875, 681.3583, 288.4249
111.25, 681.79626, 288.3249
110.625, 682.2333, 288.22488
110.625, 682.6688, 288.12488
110.0, 683.1044, 288.02487
110.0, 683.5395, 287.92487
110.0, 683.9741, 287.82486
109.375, 684.40875, 287.72485
109.375, 684.8429, 287.62485
108.75, 685.27704, 287.52484
108.75, 685.7102, 287.42484
108.125, 686.1429, 287.32483
108.125, 686.57556, 287.22482
107.5, 687.00775, 287.12482
107.5, 687.43945, 287.0248
106.875, 687.87115, 286.9248
106.25, 688.30194, 286.8248
106.25, 688.73126, 286.7248
105.625, 689.1601, 286.6248
105.625, 689.58844, 286.52478
105.625, 690.0163, 286.42477
105.0, 690.4437, 286.32477
104.375, 690.87115, 286.22476
104.375, 691.2981, 286.12476
103.75, 691.72455, 286.02475
103.75, 692.1505, 285.92474
103.75, 692.576, 285.82474
102.5, 693.001, 285.72473
101.875, 693.4255, 285.62473
101.875, 693.84906, 285.52472
101.25, 694.27264, 285.4247
100.625, 694.69574, 285.3247
100.625, 695.11835, 285.2247
100.0, 695.54047, 285.1247
99.375, 695.9621, 285.0247
99.375, 696.3837, 284.92468
98.75, 696.8044, 284.82468
98.75, 697.22504, 284.72467
98.125, 697.6452, 284.62466
98.125, 698.06494, 284.52466
97.5, 698.4847, 284.42465
95.625, 698.90393, 284.32465
95.625, 699.3217, 284.22464
94.375, 699.739, 284.12463
93.75, 700.15533, 284.02463
93.75, 700.5712, 283.92462
93.125, 700.98663, 283.82462
91.875, 701.40155, 283.7246
91.875, 701.81647, 283.6246
91.25, 702.2309, 283.5246
91.25, 702.64484, 283.4246
90.625, 703.0583, 283.3246
90.0, 703.47174, 283.22458
90.0, 703.8847, 283.12457
89.375, 704.29767, 283.02457
89.375, 704.71063, 282.92456
88.75, 705.1231, 282.82455
88.125, 705.53516, 282.72455
87.5, 705.9472, 282.62454
87.5, 706.35876, 282.52454
86.875, 706.7703, 282.42453
86.875, 707.1819, 282.32452
86.875, 707.59296, 282.22452
86.25, 708.004, 282.1245
85.625, 708.4151, 282.0245
85.0, 708.8262, 281.9245
83.75, 709.23676, 281.8245
82.5, 709.64685, 281.7245
81.875, 710.05646, 281.62448
81.25, 710.4656, 281.52448
80.625, 710.8747, 281.42447
80.625, 711.2838, 281.32446
80.625, 711.69293, 281.22446
80.625, 712.10156, 281.12445
80.625, 712.5102, 281.02444
80.0, 712.9188, 280.92444
80.0, 713.327, 280.82443
79.375, 713.7352, 280.72443
78.75, 714.14294, 280.62442
78.75, 714.5497, 280.5244
78.75, 714.95593, 280.4244
78.75, 715.3617, 280.3244
78.75, 715.76697, 280.2244
78.75, 716.17224, 280.1244
78.75, 716.5775, 280.02438
78.75, 716.9828, 279.92438
78.75, 717.3876, 279.82437
78.75, 717.7919, 279.72437
78.75, 718.19574, 279.62436
78.75, 718.5991, 279.52435
78.75, 719.0015, 279.42435
78.75, 719.40344, 279.32434
78.75, 719.80536, 279.22433
78.75, 720.2068, 279.12433
79.375, 720.6082, 279.02432
79.375, 721.00916, 278.92432
79.375, 721.4101, 278.8243
80.0, 721.81055, 278.7243
80.0, 722.211, 278.6243
80.0, 722.61145, 278.5243
80.0, 723.0119, 278.4243
80.0, 723.4119, 278.32428
80.625, 723.81195, 278.22427
80.625, 724.212, 278.12427
80.625, 724.612, 278.02426
81.25, 725.01154, 277.92426
81.25, 725.4111, 277.82425
81.25, 725.8106, 277.72424
81.25, 726.20966, 277.62424
81.875, 726.6087, 277.52423
81.875, 727.00775, 277.42422
82.5, 727.4063, 277.32422
82.5, 727.8049, 277.2242
82.5, 728.2034, 277.1242
83.125, 728.6015, 277.0242
83.125, 728.9996, 276.9242
83.125, 729.39764, 276.8242
83.125, 729.7957, 276.72418
83.125, 730.1938, 276.62418
83.125, 730.59186, 276.52417
83.75, 730.9899, 276.42416
83.75, 731.388, 276.32416
84.375, 731.7856, 276.22415
84.375, 732.18317, 276.12415
84.375, 732.58075, 276.02414
84.375, 732.97833, 275.92413
84.375, 733.3759, 275.82413
85.0, 733.773, 275.72412
85.0, 734.1701, 275.6241
85.625, 734.5672, 275.5241
85.625, 734.9638, 275.4241
85.625, 735.3604, 275.3241
85.625, 735.757, 275.2241
85.625, 736.1536, 275.12408
85.625, 736.5498, 275.02408
85.625, 736.946, 274.92407
85.625, 737.3417, 274.82407
85.625, 737.73737, 274.72406
85.625, 738.1321, 274.62405
85.625, 738.5263, 274.52405
85.625, 738.92004, 274.42404
85.625, 739.3133, 274.32404
85.0, 739.70605, 274.22403
84.375, 740.0988, 274.12402
84.375, 740.49115, 274.02402
83.75, 740.8825, 273.924
83.75, 741.2734, 273.824
83.125, 741.66376, 273.724
82.5, 742.05365, 273.624
82.5, 742.44305, 273.524
81.875, 742.83246, 273.42398
81.25, 743.2214, 273.32397
80.625, 743.60986, 273.22397
80.625, 743.99786, 273.12396
80.0, 744.38586, 273.02396
80.0, 744.77386, 272.92395
79.375, 745.1614, 272.82394
78.75, 745.5484, 272.72394
78.75, 745.9354, 272.62393
78.75, 746.32245, 272.52393
78.125, 746.7095, 272.42392
77.5, 747.0965, 272.3239
76.875, 747.48303, 272.2239
76.25, 747.86957, 272.1239
75.625, 748.2556, 272.0239
75.0, 748.64166, 271.9239
74.375, 749.0272, 271.82388
74.375, 749.4128, 271.72388
73.125, 749.79785, 271.62387
72.5, 750.1829, 271.52386
72.5, 750.568, 271.42386
71.875, 750.95306, 271.32385
71.875, 751.3377, 271.22385
71.25, 751.72235, 271.12384
71.25, 752.107, 271.02383
70.0, 752.49164, 270.92383
70.0, 752.8763, 270.82382
69.375, 753.26044, 270.72382
68.75, 753.6446, 270.6238
68.125, 754.02875, 270.5238
68.125, 754.4129, 270.4238
67.5, 754.79706, 270.3238
67.5, 755.1812, 270.2238
67.5, 755.5649, 270.12378
66.25, 755.94855, 270.02377
66.25, 756.3322, 269.92377
65.0, 756.7154, 269.82376
64.375, 757.0986, 269.72375
64.375, 757.48175, 269.62375
63.75, 757.86444, 269.52374
63.75, 758.24713, 269.42374
63.125, 758.6298, 269.32373
61.875, 759.012, 269.22372
60.625, 759.39374, 269.12372
60.625, 759.77545, 269.0237
60.0, 760.1567, 268.9237
60.0, 760.5379, 268.8237
59.375, 760.9191, 268.7237
58.75, 761.2999, 268.6237
58.75, 761.68024, 268.52368
58.75, 762.06055, 268.42368
58.75, 762.44037, 268.32367
58.75, 762.8202, 268.22366
58.75, 763.2, 268.12366
58.75, 763.57983, 268.02365
58.75, 763.95966, 267.92365
58.75, 764.339, 267.82364
58.75, 764.7183, 267.72363
58.75, 765.09766, 267.62363
58.75, 765.477, 267.52362
58.75, 765.85583, 267.4236
58.75, 766.2342, 267.3236
58.75, 766.61206, 267.2236
58.75, 766.9899, 267.1236
58.75, 767.3678, 267.0236
58.75, 767.74567, 266.92358
58.75, 768.12305, 266.82358
58.75, 768.5004, 266.72357
58.75, 768.8778, 266.62357
58.75, 769.2552, 266.52356
58.75, 769.63214, 266.42355
58.75, 770.0086, 266.32355
58.75, 770.3851, 266.22354
58.75, 770.76105, 266.12354
58.75, 771.137, 266.02353
58.75, 771.513, 265.92352
58.75, 771.8885, 265.82352
59.375, 772.264, 265.7235
59.375, 772.639, 265.6235
59.375, 773.014, 265.5235
60.0, 773.3885, 265.4235
60.0, 773.763, 265.3235
60.625, 774.137, 265.22348
60.625, 774.51056, 265.12347
61.25, 774.8841, 265.02347
61.25, 775.2576, 264.92346
61.875, 775.6307, 264.82346
61.875, 776.0033, 264.72345
61.875, 776.3759, 264.62344
62.5, 776.74854, 264.52344
62.5, 777.12115, 264.42343
62.5, 777.4933, 264.32343
62.5, 777.8654, 264.22342
63.125, 778.23755, 264.1234
63.125, 778.6097, 264.0234
63.125, 778.9813, 263.9234
63.125, 779.35297, 263.8234
63.75, 779.7246, 263.7234
63.75, 780.09625, 263.62338
63.75, 780.4679, 263.52338
63.75, 780.83954, 263.42337
63.75, 781.2107, 263.32336
63.75, 781.58185, 263.22336
63.75, 781.953, 263.12335
63.75, 782.32416, 263.02335
63.75, 782.6953, 262.92334
63.75, 783.06647, 262.82333
63.75, 783.4376, 262.72333
63.75, 783.8088, 262.62332
63.75, 784.17993, 262.52332
64.375, 784.5511, 262.4233
64.375, 784.92224, 262.3233
64.375, 785.2929, 262.2233
64.375, 785.6636, 262.1233
64.375, 786.03424, 262.0233
64.375, 786.4049, 261.92328
64.375, 786.7756, 261.82327
64.375, 787.14624, 261.72327
64.375, 787.5169, 261.62326
64.375, 787.8876, 261.52325
64.375, 788.25824, 261.42325
65.0, 788.6289, 261.32324
65.0, 788.9986, 261.22324
65.0, 789.3683, 261.12323
65.625, 789.7375, 261.02322
65.625, 790.10626, 260.92322
65.625, 790.47504, 260.8232
65.625, 790.8433, 260.7232
65.625, 791.2111, 260.6232
65.625, 791.5789, 260.5232
65.625, 791.9462, 260.4232
65.625, 792.31354, 260.32318
65.625, 792.68036, 260.22318
65.625, 793.0472, 260.12317
65.625, 793.414, 260.02316
65.625, 793.78033, 259.92316
65.625, 794.14667, 259.82315
65.625, 794.5125, 259.72314
65.625, 794.87836, 259.62314
65.625, 795.2442, 259.52313
65.625, 795.61005, 259.42313
65.625, 795.9754, 259.32312
65.625, 796.34076, 259.2231
65.625, 796.7061, 259.1231
65.625, 797.0715, 259.0231
65.625, 797.4368, 258.9231
65.625, 797.8022, 258.8231
65.625, 798.16754, 258.72308
65.625, 798.5329, 258.62308
65.0, 798.89825, 258.52307
65.0, 799.2632, 258.42307
65.0, 799.6281, 258.32306
64.375, 799.99304, 258.22305
64.375, 800.358, 258.12305
63.75, 800.7229, 258.02304
63.75, 801.0878, 257.92303
63.125, 801.45276, 257.82303
62.5, 801.8177, 257.72302
61.875, 802.1821, 257.62302
61.25, 802.5466, 257.523
60.625, 802.911, 257.423
60.0, 803.27545, 257.323
58.75, 803.6399, 257.223
58.125, 804.00433, 257.123
56.875, 804.3688, 257.02298
55.625, 804.7332, 256.92297
55.0, 805.09766, 256.82297
53.125, 805.4621, 256.72296
52.5, 805.827, 256.62296
51.25, 806.1924, 256.52295
50.625, 806.55774, 256.42294
50.0, 806.9231, 256.32294
49.375, 807.28894, 256.22293
48.75, 807.6548, 256.12292
48.125, 808.0211, 256.02292
47.5, 808.38745, 255.92291
46.25, 808.7543, 255.8229
46.25, 809.1216, 255.7229
45.625, 809.4889, 255.6229
45.0, 809.8562, 255.52289
45.0, 810.224, 255.42288
44.375, 810.5923, 255.32288
44.375, 810.9606, 255.22287
43.125, 811.32935, 255.12286
43.125, 811.6981, 255.02286
42.5, 812.0673, 254.92285
42.5, 812.437, 254.82285
41.25, 812.8067, 254.72284
41.25, 813.1769, 254.62283
40.625, 813.54755, 254.52283
40.0, 813.9187, 254.42282
40.0, 814.28986, 254.32281
38.75, 814.6615, 254.22281
38.75, 815.0336, 254.1228
38.75, 815.40576, 254.0228
38.125, 815.7784, 253.92279
37.5, 816.1514, 253.82278
36.875, 816.5245, 253.72278
36.25, 816.898, 253.62277
35.625, 817.27203, 253.52277
35.625, 817.64655, 253.42276
35.0, 818.02106, 253.32275
35.0, 818.39557, 253.22275
34.375, 818.77057, 253.12274
34.375, 819.14606, 253.02274
33.75, 819.52155, 252.92273
33.75, 819.8975, 252.82272
33.125, 820.2735, 252.72272
33.125, 820.6495, 252.62271
33.125, 821.02545, 252.5227
33.125, 821.4019, 252.4227
32.5, 821.7784, 252.3227
32.5, 822.15485, 252.22269
32.5, 822.5318, 252.12268
31.875, 822.90875, 252.02267
31.875, 823.2857, 251.92267
31.875, 823.6631, 251.82266
31.25, 824.04095, 251.72266
31.25, 824.4188, 251.62265
30.625, 824.7967, 251.52264
30.625, 825.17505, 251.42264
30.625, 825.5534, 251.32263
30.0, 825.93176, 251.22263
30.0, 826.3106, 251.12262
30.0, 826.68945, 251.02261
29.375, 827.0683, 250.9226
29.375, 827.44763, 250.8226
28.75, 827.82697, 250.7226
28.75, 828.2068, 250.62259
28.75, 828.5866, 250.52258
28.75, 828.96643, 250.42258
28.75, 829.34674, 250.32257
28.75, 829.72705, 250.22256
28.125, 830.10736, 250.12256
28.125, 830.48816, 250.02255
28.125, 830.86896, 249.92255
27.5, 831.2502, 249.82254
27.5, 831.6319, 249.72253
27.5, 832.0136, 249.62253
27.5, 832.3958, 249.52252
27.5, 832.7785, 249.42252
27.5, 833.1617, 249.32251
27.5, 833.54535, 249.2225
27.5, 833.929, 249.1225
27.5, 834.3132, 249.02249
27.5, 834.69824, 248.92249
28.125, 835.0833, 248.82248
28.125, 835.4689, 248.72247
28.125, 835.8549, 248.62247
28.75, 836.24097, 248.52246
28.75, 836.627, 248.42245
28.75, 837.01355, 248.32245
29.375, 837.4001, 248.22244
29.375, 837.7871, 248.12244
30.0, 838.17413, 248.02243
30.0, 838.56165, 247.92242
30.625, 838.94916, 247.82242
31.25, 839.33716, 247.72241
31.25, 839.72565, 247.6224
31.25, 840.11414, 247.5224
31.875, 840.5026, 247.4224
31.875, 840.8911, 247.32239
31.875, 841.28, 247.22238
31.875, 841.66895, 247.12238
32.5, 842.05786, 247.02237
32.5, 842.4468, 246.92236
32.5, 842.8357, 246.82236
32.5, 843.2251, 246.72235
33.125, 843.6145, 246.62234
33.75, 844.0039, 246.52234
34.375, 844.3938, 246.42233
34.375, 844.7837, 246.32233
34.375, 845.1736, 246.22232
34.375, 845.5635, 246.12231
35.0, 845.95337, 246.02231
35.0, 846.34326, 245.9223
35.625, 846.73364, 245.8223
35.625, 847.124, 245.72229
36.25, 847.5144, 245.62228
36.875, 847.9053, 245.52228
36.875, 848.29614, 245.42227
37.5, 848.6875, 245.32227
38.125, 849.07886, 245.22226
38.125, 849.4707, 245.12225
38.75, 849.86255, 245.02225
38.75, 850.2544, 244.92224
38.75, 850.64624, 244.82224
39.375, 851.0386, 244.72223
39.375, 851.4309, 244.62222
39.375, 851.82324, 244.52222
40.0, 852.216, 244.42221
40.0, 852.60974, 244.3222
40.625, 853.0035, 244.2222
40.625, 853.3977, 244.1222
41.25, 853.7924, 244.02219
41.25, 854.1876, 243.92218
41.25, 854.5828, 243.82217
41.25, 854.978, 243.72217
41.25, 855.3737, 243.62216
41.875, 855.7694, 243.52216
41.875, 856.1656, 243.42215
41.875, 856.56177, 243.32214
41.875, 856.95795, 243.22214
41.875, 857.3541, 243.12213
41.875, 857.75073, 243.02213
41.875, 858.14734, 242.92212
41.875, 858.54443, 242.82211
41.875, 858.9415, 242.7221
41.875, 859.3391, 242.6221
41.875, 859.7367, 242.5221
41.875, 860.13477, 242.42209
41.875, 860.53284, 242.32208
41.875, 860.9309, 242.22208
41.875, 861.329, 242.12207
41.875, 861.72754, 242.02206
41.875, 862.1261, 241.92206
41.875, 862.52515, 241.82205
41.875, 862.9247, 241.72205
41.875, 863.3242, 241.62204
41.875, 863.72375, 241.52203
41.875, 864.1238, 241.42203
41.875, 864.5238, 241.32202
41.875, 864.9238, 241.22202
41.875, 865.3243, 241.12201
41.875, 865.72473, 241.022
41.875, 866.1252, 240.922
41.875, 866.5261, 240.82199
41.875, 866.92706, 240.72198
41.875, 867.328, 240.62198
41.875, 867.72943, 240.52197
41.875, 868.13086, 240.42197
41.875, 868.5328, 240.32196
41.875, 868.9347, 240.22195
41.875, 869.3366, 240.12195
41.875, 869.7385, 240.02194
41.875, 870.1409, 239.92194
41.875, 870.54333, 239.82193
41.875, 870.94574, 239.72192
41.875, 871.34814, 239.62192
41.875, 871.75055, 239.52191
41.25, 872.15344, 239.4219
41.25, 872.55634, 239.3219
40.625, 872.9597, 239.2219
40.0, 873.3631, 239.12189
40.0, 873.7665, 239.02188
40.0, 874.17035, 238.92188
39.375, 874.5742, 238.82187
38.75, 874.9785, 238.72186
38.125, 875.3833, 238.62186
38.125, 875.7881, 238.52185
37.5, 876.1929, 238.42184
37.5, 876.59814, 238.32184
37.5, 877.0034, 238.22183
37.5, 877.4087, 238.12183
36.875, 877.81396, 238.02182
36.25, 878.2197, 237.92181
35.625, 878.626, 237.82181
35.0, 879.0322, 237.7218
33.75, 879.4385, 237.6218
33.75, 879.8452, 237.52179
33.125, 880.25195, 237.42178
32.5, 880.6592, 237.32178
31.875, 881.0669, 237.22177
31.875, 881.4746, 237.12177
31.25, 881.8828, 237.02176
31.25, 882.291, 236.92175
30.625, 882.69965, 236.82175
30.625, 883.1083, 236.72174
30.625, 883.5169, 236.62173
30.0, 883.92554, 236.52173
30.0, 884.33466, 236.42172
30.0, 884.7438, 236.32172
29.375, 885.1529, 236.22171
29.375, 885.562, 236.1217
29.375, 885.9716, 236.0217
29.375, 886.3812, 235.92169
28.75, 886.79083, 235.82169
28.75, 887.20044, 235.72168
28.75, 887.61053, 235.62167
28.125, 888.0206, 235.52167
28.125, 888.4307, 235.42166
28.125, 888.8413, 235.32166
27.5, 889.2519, 235.22165
26.875, 889.66296, 235.12164
26.875, 890.07404, 235.02164
26.875, 890.4856, 234.92163
26.25, 890.89716, 234.82162
26.25, 891.3092, 234.72162
26.25, 891.7217, 234.62161
26.25, 892.13464, 234.5216
25.625, 892.5481, 234.4216
25.625, 892.96155, 234.3216
25.625, 893.3755, 234.22159
25.625, 893.7904, 234.12158
25.625, 894.2063, 234.02158
25.625, 894.6226, 233.92157
25.625, 895.0394, 233.82156
25.625, 895.4567, 233.72156
25.625, 895.874, 233.62155
25.625, 896.2918, 233.52155
26.25, 896.7096, 233.42154
26.25, 897.12787, 233.32153
26.25, 897.54614, 233.22153
26.25, 897.9644, 233.12152
26.25, 898.3827, 233.02151
26.25, 898.80096, 232.92151
26.875, 899.21924, 232.8215
26.875, 899.6375, 232.7215
26.875, 900.0558, 232.62149
27.5, 900.47455, 232.52148
27.5, 900.8933, 232.42148
28.125, 901.3121, 232.32147
28.75, 901.73083, 232.22147
28.75, 902.1501, 232.12146
29.375, 902.56934, 232.02145
29.375, 902.9886, 231.92145
30.0, 903.40784, 231.82144
30.0, 903.8276, 231.72144
30.625, 904.2473, 231.62143
30.625, 904.66705, 231.52142
30.625, 905.0868, 231.42142
30.625, 905.50653, 231.32141
31.25, 905.9263, 231.2214
31.25, 906.34644, 231.1214
31.25, 906.7666, 231.0214
31.25, 907.18677, 230.92139
31.875, 907.60693, 230.82138
31.875, 908.0271, 230.72137
31.875, 908.44727, 230.62137
31.875, 908.8679, 230.52136
32.5, 909.2886, 230.42136
33.125, 909.7092, 230.32135
33.125, 910.1299, 230.22134
33.125, 910.551, 230.12134
33.125, 910.97217, 230.02133
33.125, 911.3933, 229.92133
33.75, 911.81445, 229.82132
33.75, 912.2356, 229.72131
33.75, 912.65674, 229.6213
33.75, 913.0779, 229.5213
34.375, 913.499, 229.4213
34.375, 913.92017, 229.32129
35.0, 914.3418, 229.22128
35.0, 914.7634, 229.12128
35.0, 915.18506, 229.02127
35.0, 915.6067, 228.92126
35.625, 916.0283, 228.82126
35.625, 916.44995, 228.72125
35.625, 916.8716, 228.62125
35.625, 917.2932, 228.52124
35.625, 917.71484, 228.42123
35.625, 918.1365, 228.32123
36.25, 918.5581, 228.22122
36.25, 918.9802, 228.12122
36.25, 919.40234, 228.02121
36.25, 919.82446, 227.9212
36.875, 920.2466, 227.8212
36.875, 920.6687, 227.72119
36.875, 921.0908, 227.62119
37.5, 921.5134, 227.52118
38.125, 921.93604, 227.42117
38.75, 922.35913, 227.32117
39.375, 922.7827, 227.22116
39.375, 923.2063, 227.12115
39.375, 923.6299, 227.02115
40.0, 924.0539, 226.92114
40.0, 924.4779, 226.82114
40.0, 924.9024, 226.72113
40.0, 925.3269, 226.62112
40.0, 925.7514, 226.52112
40.625, 926.1759, 226.42111
40.625, 926.6009, 226.3211
41.25, 927.0259, 226.2211
41.25, 927.45087, 226.1211
41.25, 927.87634, 226.02109
41.875, 928.3018, 225.92108
41.875, 928.7273, 225.82108
42.5, 929.15326, 225.72107
42.5, 929.5797, 225.62106
43.125, 930.00665, 225.52106
43.125, 930.4336, 225.42105
43.125, 930.86053, 225.32104
43.75, 931.2875, 225.22104
43.75, 931.7144, 225.12103
43.75, 932.14185, 225.02103
43.75, 932.5702, 224.92102
44.375, 932.99854, 224.82101
45.0, 933.42737, 224.72101
45.0, 933.8567, 224.621
45.0, 934.2865, 224.521
45.625, 934.7163, 224.42099
45.625, 935.1466, 224.32098
45.625, 935.5774, 224.22098
46.25, 936.00867, 224.12097
46.25, 936.43994, 224.02097
46.25, 936.87164, 223.92096
46.25, 937.30334, 223.82095
46.25, 937.73505, 223.72095
46.25, 938.16675, 223.62094
46.25, 938.5994, 223.52094
46.25, 939.0321, 223.42093
46.25, 939.46576, 223.32092
46.25, 939.8999, 223.22092
46.25, 940.33453, 223.12091
46.25, 940.76965, 223.0209
46.25, 941.2048, 222.9209
46.25, 941.6403, 222.82089
46.25, 942.07635, 222.72089
46.25, 942.5124, 222.62088
46.25, 942.9494, 222.52087
46.25, 943.3864, 222.42087
46.25, 943.8234, 222.32086
46.25, 944.26044, 222.22086
46.25, 944.69745, 222.12085
46.25, 945.13495, 222.02084
46.25, 945.57245, 221.92084
45.625, 946.0109, 221.82083
45.625, 946.4504, 221.72083
45.625, 946.88983, 221.62082
45.0, 947.3297, 221.52081
45.0, 947.7701, 221.4208
45.0, 948.21045, 221.3208
45.0, 948.6513, 221.2208
45.0, 949.09265, 221.12079
44.375, 949.5345, 221.02078
44.375, 949.9768, 220.92078
44.375, 950.4191, 220.82077
44.375, 950.86145, 220.72076
43.75, 951.30426, 220.62076
43.75, 951.74756, 220.52075
43.75, 952.19086, 220.42075
43.125, 952.6346, 220.32074
43.125, 953.0788, 220.22073
42.5, 953.523, 220.12073
42.5, 953.9672, 220.02072
42.5, 954.4119, 219.92072
41.875, 954.8571, 219.82071
41.25, 955.3028, 219.7207
41.25, 955.74896, 219.6207
40.625, 956.1956, 219.52069
40.625, 956.64276, 219.42068
40.0, 957.0899, 219.32068
40.0, 957.53705, 219.22067
39.375, 957.9846, 219.12067
39.375, 958.4322, 219.02066
38.75, 958.88025, 218.92065
38.75, 959.3288, 218.82065
38.75, 959.77734, 218.72064
38.125, 960.2259, 218.62064
38.125, 960.6749, 218.52063
37.5, 961.12396, 218.42062
36.875, 961.5735, 218.32062
36.875, 962.023, 218.22061
36.875, 962.473, 218.1206
36.25, 962.92303, 218.0206
36.25, 963.37305, 217.9206
35.625, 963.82306, 217.82059
35.625, 964.27356, 217.72058
35.0, 964.72406, 217.62057
35.0, 965.17505, 217.52057
34.375, 965.62604, 217.42056
34.375, 966.077, 217.32056
34.375, 966.528, 217.22055
34.375, 966.979, 217.12054
33.125, 967.4304, 217.02054
33.125, 967.88184, 216.92053
33.125, 968.33325, 216.82053
32.5, 968.78467, 216.72052
32.5, 969.2366, 216.62051
31.875, 969.6885, 216.52051
31.875, 970.1404, 216.4205
31.25, 970.5923, 216.3205
30.625, 971.0447, 216.22049
30.625, 971.4971, 216.12048
30.0, 971.94946, 216.02048
29.375, 972.40234, 215.92047
29.375, 972.8552, 215.82047
28.75, 973.3081, 215.72046
28.75, 973.7615, 215.62045
28.125, 974.21484, 215.52045
28.125, 974.6682, 215.42044
28.125, 975.1216, 215.32043
28.125, 975.57495, 215.22043
27.5, 976.0283, 215.12042
27.5, 976.4822, 215.02042
26.875, 976.93604, 214.92041
26.875, 977.3899, 214.8204
26.875, 977.84375, 214.7204
26.25, 978.2976, 214.62039
26.25, 978.75195, 214.52039
25.625, 979.2063, 214.42038
25.625, 979.66064, 214.32037
25.625, 980.115, 214.22037
25.0, 980.5698, 214.12036
25.0, 981.02466, 214.02036
25.0, 981.4795, 213.92035
24.375, 981.9343, 213.82034
24.375, 982.38916, 213.72034
23.75, 982.844, 213.62033
23.75, 983.29926, 213.52032
23.125, 983.755, 213.42032
22.5, 984.21075, 213.32031
22.5, 984.6665, 213.2203
21.875, 985.12274, 213.1203
21.25, 985.579, 213.0203
21.25, 986.0352, 212.92029
21.25, 986.49194, 212.82028
21.25, 986.94867, 212.72028
20.625, 987.4054, 212.62027
20.625, 987.8626, 212.52026
20.625, 988.3198, 212.42026
20.0, 988.77704, 212.32025
19.375, 989.23425, 212.22025
19.375, 989.69196, 212.12024
19.375, 990.14966, 212.02023
19.375, 990.60736, 211.92023
19.375, 991.06506, 211.82022
18.75, 991.52325, 211.72021
18.75, 991.98145, 211.62021
18.75, 992.43964, 211.5202
18.75, 992.8978, 211.4202
18.125, 993.3565, 211.32019
18.125, 993.8152, 211.22018
18.125, 994.27386, 211.12018
18.125, 994.73254, 211.02017
17.5, 995.1912, 210.92017
17.5, 995.6499, 210.82016
17.5, 996.1086, 210.72015
16.875, 996.5677, 210.62015
16.25, 997.0268, 210.52014
16.25, 997.4859, 210.42014
15.625, 997.945, 210.32013
15.625, 998.4046, 210.22012
15.0, 998.8642, 210.12012
15.0, 999.3238, 210.02011
14.375, 999.7839, 209.9201
14.375, 1000.24396, 209.8201
13.75, 1000.70404, 209.7201
13.75, 1001.1641, 209.62009
13.125, 1001.6242, 209.52008
13.125, 1002.0848, 209.42007
12.5, 1002.54535, 209.32007
12.5, 1003.0059, 209.22006
11.875, 1003.467, 209.12006
11.875, 1003.92804, 209.02005
11.25, 1004.3891, 208.92004
10.625, 1004.85065, 208.82004
10.0, 1005.3122, 208.72003
9.375, 1005.77423, 208.62003
8.75, 1006.23627, 208.52002
7.5, 1006.6988, 208.42001
6.875, 1007.16174, 208.32
6.875, 1007.6247, 208.22
6.25, 1008.08813, 208.12
6.25, 1008.5516, 208.01999
5.625, 1009.015, 207.91998
5.625, 1009.47894, 207.81998
5.0, 1009.9429, 207.71997
5.0, 1010.4068, 207.61996
4.375, 1010.8707, 207.51996
4.375, 1011.33466, 207.41995
3.75, 1011.7991, 207.31995
3.75, 1012.2635, 207.21994
3.125, 1012.7279, 207.11993
3.125, 1013.1923, 207.01993
2.5, 1013.6572, 206.91992
2.5, 1014.12213, 206.81992
2.5, 1014.58704, 206.71991
2.5, 1015.05194, 206.6199
1.875, 1015.51685, 206.5199
1.875, 1015.98224, 206.41989
1.25, 1016.44763, 206.31989
0.625, 1016.913, 206.21988
0.0, 1017.3789, 206.11987
0.0, 1017.8448, 206.01987
0.0, 1018.31067, 205.91986
0.0, 1018.77655, 205.81985
0.0, 1019.24243, 205.71985
0.0, 1019.7083, 205.61984
0.0, 1020.1742, 205.51984
0.0, 1020.6401, 205.41983
0.0, 1021.10596, 205.31982
0.0, 1021.57184, 205.21982
0.0, 1022.0377, 205.11981
0.0, 1022.5036, 205.0198
0.0, 1022.9695, 204.9198
0.0, 1023.43536, 204.8198
0.0, 1023.90125, 204.71979
0.0, 1024.3671, 204.61978
0.0, 1024.8329, 204.51978
0.0, 1025.2987, 204.41977
0.0, 1025.7645, 204.31976
0.0, 1026.2303, 204.21976
0.0, 1026.6962, 204.11975
0.0, 1027.162, 204.01974
0.0, 1027.6278, 203.91974
0.0, 1028.0936, 203.81973
0.0, 1028.5594, 203.71973
0.0, 1029.0253, 203.61972
0.0, 1029.4911, 203.51971
0.0, 1029.9569, 203.41971
0.0, 1030.4227, 203.3197
0.0, 1030.8885, 203.2197
0.0, 1031.3544, 203.11969
0.0, 1031.8202, 203.01968
0.0, 1032.286, 202.91968
0.0, 1032.7518, 202.81967
0.0, 1033.2177, 202.71967
0.0, 1033.6835, 202.61966
0.0, 1034.1493, 202.51965
0.0, 1034.6151, 202.41965
0.0, 1035.0809, 202.31964
0.0, 1035.5468, 202.21964
0.0, 1036.0126, 202.11963
0.0, 1036.4784, 202.01962
0.0, 1036.9442, 201.91962
0.0, 1037.41, 201.81961
0.0, 1037.8759, 201.7196
0.0, 1038.3417, 201.6196
0.0, 1038.8075, 201.51959
0.0, 1039.2733, 201.41959
0.0, 1039.7391, 201.31958
