90.0, 85.0, 802.4961
90.0, 85.425964, 802.7961
90.625, 85.85145, 803.09607
91.25, 86.27693, 803.39606
91.875, 86.702415, 803.69604
91.875, 87.1279, 803.99603
91.875, 87.55338, 804.296
91.875, 87.97887, 804.596
91.875, 88.40435, 804.896
91.875, 88.829834, 805.196
91.875, 89.25532, 805.496
91.875, 89.6808, 805.79596
91.875, 90.106285, 806.09595
91.875, 90.53177, 806.39594
91.25, 90.95725, 806.6959
91.25, 91.38274, 806.9959
90.625, 91.80822, 807.2959
90.0, 92.2337, 807.5959
90.0, 92.65919, 807.8959
90.0, 93.08515, 808.19586
90.0, 93.511116, 808.49585
90.0, 93.93708, 808.79584
89.375, 94.363045, 809.0958
89.375, 94.78901, 809.3958
89.375, 95.21497, 809.6958
89.375, 95.64094, 809.9958
89.375, 96.0669, 810.2958
89.375, 96.49287, 810.59576
89.375, 96.91883, 810.89575
89.375, 97.344795, 811.19574
89.375, 97.77076, 811.4957
89.375, 98.196724, 811.7957
88.75, 98.62269, 812.0957
88.125, 99.04865, 812.3957
86.875, 99.47462, 812.6957
85.0, 99.90106, 812.99567
84.375, 100.32799, 813.29565
83.125, 100.75491, 813.59564
81.25, 101.18232, 813.8956
80.625, 101.61021, 814.1956
80.0, 102.038574, 814.4956
78.75, 102.46694, 814.7956
78.125, 102.89531, 815.0956
77.5, 103.32416, 815.39557
76.875, 103.753006, 815.69556
76.25, 104.181854, 815.99554
75.625, 104.61118, 816.29553
75.625, 105.04099, 816.5955
74.375, 105.4708, 816.8955
73.75, 105.90061, 817.1955
73.75, 106.3309, 817.4955
73.125, 106.76119, 817.7955
72.5, 107.19196, 818.09546
71.875, 107.622734, 818.39545
71.875, 108.053505, 818.69543
71.875, 108.48476, 818.9954
71.25, 108.91601, 819.2954
71.25, 109.34726, 819.5954
70.625, 109.77851, 819.8954
70.625, 110.20976, 820.1954
70.625, 110.641495, 820.49536
70.625, 111.07323, 820.79535
70.0, 111.50496, 821.09534
69.375, 111.93669, 821.3953
69.375, 112.368904, 821.6953
68.75, 112.80112, 821.9953
68.75, 113.23333, 822.2953
68.125, 113.66554, 822.5953
68.125, 114.098236, 822.89526
67.5, 114.53093, 823.19525
66.875, 114.96362, 823.49524
66.25, 115.3968, 823.7952
66.25, 115.82997, 824.0952
65.625, 116.263626, 824.3952
65.0, 116.69728, 824.6952
65.0, 117.130936, 824.9952
64.375, 117.56459, 825.29517
63.75, 117.998726, 825.59515
63.125, 118.43286, 825.89514
63.125, 118.867, 826.1951
61.875, 119.30113, 826.4951
61.875, 119.73575, 826.7951
61.25, 120.170845, 827.0951
61.25, 120.60594, 827.3951
60.625, 121.04104, 827.69507
60.0, 121.476135, 827.99506
59.375, 121.91171, 828.29504
58.75, 122.34729, 828.59503
58.75, 122.78287, 828.895
57.5, 123.218445, 829.195
56.875, 123.6545, 829.495
56.875, 124.09104, 829.795
56.25, 124.52758, 830.095
56.25, 124.96412, 830.39496
54.375, 125.40066, 830.69495
54.375, 125.83768, 830.99493
53.75, 126.27518, 831.2949
53.75, 126.71268, 831.5949
53.125, 127.15018, 831.8949
53.125, 127.58768, 832.1949
52.5, 128.02518, 832.4949
51.875, 128.46317, 832.79486
51.875, 128.90115, 833.09485
51.25, 129.33961, 833.39484
51.25, 129.77808, 833.6948
50.625, 130.21654, 833.9948
50.0, 130.655, 834.2948
50.0, 131.09346, 834.5948
50.0, 131.53241, 834.8948
49.375, 131.97136, 835.19476
48.75, 132.41078, 835.49475
48.75, 132.8502, 835.79474
48.75, 133.28963, 836.0947
48.125, 133.72905, 836.3947
47.5, 134.16847, 836.6947
47.5, 134.6079, 836.9947
46.875, 135.0478, 837.2947
46.875, 135.48772, 837.59467
46.25, 135.92763, 837.89465
46.25, 136.36754, 838.19464
45.625, 136.80792, 838.4946
45.625, 137.2483, 838.7946
45.0, 137.68869, 839.0946
44.375, 138.12907, 839.3946
43.75, 138.56995, 839.6946
43.125, 139.01082, 839.99457
43.125, 139.45216, 840.29456
42.5, 139.89351, 840.59454
42.5, 140.33485, 840.89453
41.875, 140.7762, 841.1945
41.875, 141.21803, 841.4945
41.25, 141.65987, 841.7945
40.625, 142.1017, 842.0945
40.625, 142.54353, 842.3945
40.0, 142.98584, 842.69446
39.375, 143.42815, 842.99445
38.75, 143.87094, 843.29443
38.75, 144.31374, 843.5944
38.125, 144.75653, 843.8944
37.5, 145.1998, 844.1944
37.5, 145.64307, 844.4944
36.875, 146.08633, 844.7944
36.875, 146.53009, 845.09436
36.25, 146.97385, 845.39435
35.625, 147.41808, 845.69434
35.625, 147.8623, 845.9943
35.625, 148.30653, 846.2943
35.0, 148.75076, 846.5943
34.375, 149.19548, 846.8943
34.375, 149.64067, 847.1943
33.75, 150.08586, 847.49426
33.125, 150.53105, 847.79425
33.125, 150.97673, 848.09424
32.5, 151.42241, 848.3942
31.875, 151.86856, 848.6942
31.875, 152.31471, 848.9942
31.25, 152.76086, 849.2942
31.25, 153.2075, 849.5942
31.25, 153.65414, 849.89417
30.625, 154.10078, 850.19415
30.0, 154.5479, 850.49414
30.0, 154.99501, 850.7941
29.375, 155.44212, 851.0941
29.375, 155.88972, 851.3941
28.75, 156.33733, 851.6941
28.75, 156.78493, 851.9941
28.125, 157.23253, 852.29407
28.125, 157.6806, 852.59406
27.5, 158.12868, 852.89404
26.875, 158.57675, 853.19403
26.875, 159.02531, 853.494
26.25, 159.47388, 853.794
26.25, 159.92244, 854.094
25.625, 160.371, 854.394
25.0, 160.82004, 854.694
25.0, 161.26907, 854.99396
24.375, 161.71811, 855.29395
24.375, 162.16714, 855.59393
24.375, 162.61667, 855.8939
23.75, 163.0662, 856.1939
23.75, 163.51572, 856.4939
23.125, 163.96524, 856.7939
23.125, 164.41476, 857.0939
22.5, 164.86429, 857.39386
22.5, 165.31429, 857.69385
21.875, 165.76428, 857.99384
21.875, 166.21428, 858.2938
21.25, 166.66428, 858.5938
21.25, 167.11427, 858.8938
21.25, 167.56476, 859.1938
20.625, 168.01524, 859.4938
20.625, 168.46573, 859.79376
20.625, 168.91621, 860.09375
20.0, 169.3667, 860.39374
20.0, 169.81718, 860.6937
19.375, 170.26814, 860.9937
19.375, 170.7191, 861.2937
19.375, 171.17006, 861.5937
18.75, 171.62102, 861.8937
18.75, 172.07198, 862.19366
18.75, 172.52293, 862.49365
18.125, 172.97438, 862.79364
18.125, 173.42583, 863.0936
18.125, 173.87727, 863.3936
17.5, 174.3292, 863.6936
17.5, 174.78111, 863.9936
17.5, 175.23303, 864.2936
16.875, 175.68495, 864.59357
16.875, 176.13687, 864.89355
16.875, 176.58879, 865.19354
16.25, 177.0412, 865.4935
16.25, 177.4936, 865.7935
15.625, 177.94601, 866.0935
15.625, 178.39842, 866.3935
15.625, 178.85083, 866.6935
15.0, 179.30324, 866.99347
15.0, 179.75612, 867.29346
15.0, 180.209, 867.59344
14.375, 180.66188, 867.89343
14.375, 181.11476, 868.1934
13.75, 181.56813, 868.4934
13.75, 182.0215, 868.7934
13.125, 182.47487, 869.0934
13.125, 182.92871, 869.3934
13.125, 183.38255, 869.69336
12.5, 183.8364, 869.99335
12.5, 184.29024, 870.29333
11.875, 184.74408, 870.5933
11.875, 185.19841, 870.8933
11.25, 185.65274, 871.1933
10.625, 186.10707, 871.4933
10.0, 186.5614, 871.7933
10.0, 187.0162, 872.09326
10.0, 187.47101, 872.39325
9.375, 187.92581, 872.69324
8.75, 188.3811, 872.9932
8.75, 188.8364, 873.2932
8.125, 189.29169, 873.5932
8.125, 189.74745, 873.8932
7.5, 190.20322, 874.1932
6.875, 190.65898, 874.49316
6.875, 191.11475, 874.79315
6.875, 191.57051, 875.09314
6.25, 192.02676, 875.3931
6.25, 192.48302, 875.6931
5.625, 192.93927, 875.9931
5.625, 193.39552, 876.2931
5.0, 193.85178, 876.5931
5.0, 194.3085, 876.89307
4.375, 194.76523, 877.19305
4.375, 195.22195, 877.49304
4.375, 195.67868, 877.793
4.375, 196.1354, 878.093
3.75, 196.59262, 878.393
3.75, 197.04984, 878.693
3.75, 197.50705, 878.993
3.125, 197.96426, 879.29297
2.5, 198.42195, 879.59296
2.5, 198.87964, 879.89294
2.5, 199.33733, 880.19293
2.5, 199.79501, 880.4929
1.875, 200.2527, 880.7929
0.625, 200.71039, 881.0929
0.625, 201.16856, 881.3929
0.625, 201.62721, 881.6929
0.625, 202.08586, 881.99286
0.625, 202.54451, 882.29285
0.625, 203.00316, 882.59283
0.625, 203.4618, 882.8928
0.625, 203.92046, 883.1928
0.625, 204.3791, 883.4928
0.625, 204.83775, 883.7928
0.625, 205.2964, 884.0928
0.625, 205.75505, 884.39276
0.625, 206.2137, 884.69275
0.625, 206.67235, 884.99274
0.625, 207.131, 885.2927
0.625, 207.58965, 885.5927
0.625, 208.0483, 885.8927
0.625, 208.50694, 886.1927
0.625, 208.96559, 886.4927
0.625, 209.42424, 886.79266
0.625, 209.88289, 887.09265
0.625, 210.34154, 887.39264
0.625, 210.80019, 887.6926
0.625, 211.25883, 887.9926
0.625, 211.71748, 888.2926
0.625, 212.17613, 888.5926
0.625, 212.63478, 888.8926
0.625, 213.09343, 889.19257
0.625, 213.55208, 889.49255
0.625, 214.01073, 889.79254
0.625, 214.46938, 890.0925
0.625, 214.92802, 890.3925
0.625, 215.38667, 890.6925
0.625, 215.84532, 890.9925
0.625, 216.30397, 891.2925
0.625, 216.76262, 891.59247
0.625, 217.22127, 891.89246
0.625, 217.67992, 892.19244
0.625, 218.13857, 892.49243
0.625, 218.59721, 892.7924
0.625, 219.05586, 893.0924
0.625, 219.51451, 893.3924
0.625, 219.97316, 893.6924
0.625, 220.43181, 893.9924
0.625, 220.89046, 894.29236
0.625, 221.3491, 894.59235
0.625, 221.80775, 894.89233
0.625, 222.2664, 895.1923
0.625, 222.72505, 895.4923
0.625, 223.1837, 895.7923
0.625, 223.64235, 896.0923
0.625, 224.101, 896.3923
0.625, 224.55965, 896.69226
0.625, 225.0183, 896.99225
0.625, 225.47694, 897.29224
0.625, 225.9356, 897.5922
0.625, 226.39424, 897.8922
0.625, 226.85289, 898.1922
0.625, 227.31154, 898.4922
0.625, 227.77019, 898.7922
0.625, 228.22884, 899.09216
0.625, 228.68748, 899.39215
0.625, 229.14613, 899.69214
0.625, 229.60478, 899.9921
0.625, 230.06343, 900.2921
0.625, 230.52208, 900.5921
0.625, 230.98073, 900.8921
0.625, 231.43938, 901.1921
0.625, 231.89803, 901.49207
0.625, 232.35667, 901.79205
0.625, 232.81532, 902.09204
0.625, 233.27397, 902.392
0.625, 233.73262, 902.692
0.625, 234.19127, 902.992
0.625, 234.64992, 903.292
0.625, 235.10857, 903.592
0.625, 235.56721, 903.89197
0.625, 236.02586, 904.19196
0.625, 236.48451, 904.49194
0.625, 236.94316, 904.79193
0.625, 237.40181, 905.0919
0.625, 237.86046, 905.3919
0.625, 238.3191, 905.6919
0.625, 238.77776, 905.9919
0.625, 239.2364, 906.2919
0.625, 239.69505, 906.59186
0.625, 240.1537, 906.89185
0.625, 240.61235, 907.19183
0.625, 241.071, 907.4918
0.625, 241.52965, 907.7918
0.625, 241.9883, 908.0918
0.625, 242.44695, 908.3918
0.625, 242.9056, 908.6918
0.625, 243.36424, 908.99176
0.625, 243.82289, 909.29175
0.625, 244.28154, 909.59174
0.625, 244.74019, 909.8917
0.625, 245.19884, 910.1917
0.625, 245.65749, 910.4917
0.625, 246.11613, 910.7917
0.625, 246.57478, 911.0917
0.625, 247.03343, 911.39166
0.625, 247.49208, 911.69165
0.625, 247.95073, 911.99164
0.625, 248.40938, 912.2916
0.625, 248.86803, 912.5916
0.625, 249.32668, 912.8916
0.625, 249.78532, 913.1916
0.625, 250.24397, 913.4916
0.625, 250.70262, 913.79156
0.625, 251.16127, 914.09155
0.625, 251.61992, 914.39154
0.625, 252.07857, 914.6915
0.625, 252.53722, 914.9915
0.625, 252.99586, 915.2915
0.625, 253.45451, 915.5915
0.625, 253.91316, 915.8915
0.625, 254.37181, 916.19147
0.625, 254.83046, 916.49146
0.625, 255.28911, 916.79144
0.625, 255.74776, 917.09143
0.625, 256.20642, 917.3914
0.625, 256.66507, 917.6914
0.625, 257.12372, 917.9914
0.625, 257.58237, 918.2914
0.625, 258.04102, 918.5914
0.625, 258.49966, 918.89136
0.625, 258.9583, 919.19135
0.0, 259.41696, 919.49133
1.875, 259.8756, 919.7913
1.875, 260.33377, 920.0913
3.125, 260.79147, 920.3913
3.125, 261.24918, 920.6913
4.375, 261.70688, 920.9913
4.375, 262.1641, 921.29126
5.0, 262.62082, 921.59125
5.625, 263.07755, 921.89124
5.625, 263.53378, 922.1912
6.25, 263.99002, 922.4912
6.25, 264.44626, 922.7912
6.875, 264.90204, 923.0912
7.5, 265.35782, 923.3912
7.5, 265.8131, 923.69116
8.125, 266.2684, 923.99115
8.75, 266.7232, 924.29114
9.375, 267.178, 924.5911
9.375, 267.63232, 924.8911
10.0, 268.08664, 925.1911
10.625, 268.5405, 925.4911
11.25, 268.99435, 925.7911
11.25, 269.4482, 926.09106
11.875, 269.90158, 926.39105
13.125, 270.35495, 926.69104
13.75, 270.80734, 926.991
15.0, 271.25974, 927.291
16.25, 271.71118, 927.591
16.875, 272.16214, 927.891
18.125, 272.6126, 928.191
18.75, 273.06308, 928.49097
18.75, 273.5131, 928.79095
20.0, 273.9631, 929.09094
20.0, 274.41214, 929.3909
21.25, 274.86118, 929.6909
22.5, 275.30972, 929.9909
25.0, 275.7578, 930.2909
25.0, 276.20493, 930.5909
26.25, 276.65204, 930.89087
26.875, 277.09866, 931.19086
28.125, 277.54483, 931.49084
28.75, 277.9905, 931.79083
29.375, 278.4357, 932.0908
30.0, 278.8804, 932.3908
30.625, 279.3251, 932.6908
30.625, 279.76935, 932.9908
31.25, 280.2136, 933.2908
31.25, 280.65784, 933.59076
31.875, 281.1016, 933.89075
32.5, 281.54535, 934.19073
32.5, 281.98862, 934.4907
33.125, 282.4319, 934.7907
33.125, 282.87466, 935.0907
33.125, 283.31744, 935.3907
33.75, 283.76022, 935.6907
34.375, 284.203, 935.99066
35.0, 284.64532, 936.29065
35.0, 285.08716, 936.59064
35.625, 285.529, 936.8906
36.25, 285.97034, 937.1906
36.875, 286.41168, 937.4906
36.875, 286.85254, 937.7906
37.5, 287.29294, 938.0906
38.125, 287.73334, 938.39056
38.125, 288.17325, 938.69055
38.75, 288.61316, 938.99054
39.375, 289.05307, 939.2905
39.375, 289.4925, 939.5905
40.0, 289.93143, 939.8905
40.625, 290.37036, 940.1905
40.625, 290.80884, 940.4905
40.625, 291.2473, 940.79047
40.625, 291.6858, 941.09045
41.25, 292.12427, 941.39044
41.25, 292.56226, 941.6904
41.875, 293.00024, 941.9904
41.875, 293.43823, 942.2904
42.5, 293.87573, 942.5904
42.5, 294.31323, 942.8904
42.5, 294.75073, 943.19037
43.125, 295.18774, 943.49036
43.75, 295.62427, 943.79034
43.75, 296.0608, 944.09033
44.375, 296.4973, 944.3903
44.375, 296.93338, 944.6903
45.0, 297.36945, 944.9903
45.0, 297.8055, 945.2903
45.625, 298.2411, 945.5903
45.625, 298.67667, 945.89026
46.25, 299.11176, 946.19025
46.25, 299.54684, 946.49023
46.875, 299.98145, 946.7902
46.875, 300.41605, 947.0902
46.875, 300.85065, 947.3902
47.5, 301.28525, 947.6902
47.5, 301.7194, 947.9902
47.5, 302.15353, 948.29016
48.125, 302.58768, 948.59015
48.75, 303.02133, 948.89014
48.75, 303.455, 949.1901
49.375, 303.88864, 949.4901
50.0, 304.32132, 949.7901
50.0, 304.754, 950.0901
50.625, 305.18622, 950.3901
51.25, 305.61844, 950.69006
51.875, 306.05017, 950.99005
51.875, 306.4819, 951.29004
51.875, 306.91315, 951.59
51.875, 307.3444, 951.89
51.875, 307.77563, 952.19
52.5, 308.20688, 952.49
52.5, 308.63812, 952.79
52.5, 309.06937, 953.08997
52.5, 309.5006, 953.38995
52.5, 309.93185, 953.68994
52.5, 310.3626, 953.9899
53.125, 310.79337, 954.2899
53.125, 311.22412, 954.5899
53.75, 311.65442, 954.8899
54.375, 312.08472, 955.1899
54.375, 312.51453, 955.48987
54.375, 312.94385, 955.78986
55.0, 313.37317, 956.08984
55.0, 313.8025, 956.38983
55.0, 314.23132, 956.6898
55.625, 314.66016, 956.9898
55.625, 315.08853, 957.2898
55.625, 315.5169, 957.5898
55.625, 315.94528, 957.8898
55.625, 316.37366, 958.18976
56.25, 316.80203, 958.48975
56.875, 317.22992, 958.78973
57.5, 317.65732, 959.0897
60.0, 318.08423, 959.3897
60.0, 318.50922, 959.6897
61.875, 318.9342, 959.9897
62.5, 319.35825, 960.2897
63.125, 319.7818, 960.58966
63.125, 320.20486, 960.88965
63.125, 320.62793, 961.18964
64.375, 321.05054, 961.4896
64.375, 321.47314, 961.7896
64.375, 321.89575, 962.0896
65.0, 322.31787, 962.3896
65.625, 322.74, 962.6896
66.875, 323.16162, 962.98956
67.5, 323.58276, 963.28955
68.125, 324.00345, 963.58954
68.75, 324.42365, 963.8895
69.375, 324.84384, 964.1895
69.375, 325.26355, 964.4895
69.375, 325.68326, 964.7895
70.0, 326.10297, 965.0895
70.625, 326.5222, 965.38947
70.625, 326.9414, 965.68945
71.875, 327.36063, 965.98944
72.5, 327.7789, 966.2894
73.125, 328.1967, 966.5894
73.75, 328.61447, 966.8894
73.75, 329.03177, 967.1894
75.0, 329.44907, 967.4894
75.0, 329.8659, 967.78937
75.625, 330.28226, 968.08936
76.875, 330.69812, 968.38934
77.5, 331.1135, 968.68933
78.125, 331.52887, 968.9893
78.75, 331.9433, 969.2893
78.75, 332.35773, 969.5893
78.75, 332.77216, 969.8893
78.75, 333.18658, 970.1893
78.75, 333.601, 970.48926
78.75, 334.01544, 970.78925
79.375, 334.42938, 971.08923
80.0, 334.84332, 971.3892
80.0, 335.25726, 971.6892
81.25, 335.67072, 971.9892
81.25, 336.0837, 972.2892
81.875, 336.4967, 972.5892
82.5, 336.9097, 972.88916
83.125, 337.3222, 973.18915
83.125, 337.7347, 973.48914
83.75, 338.14673, 973.7891
83.75, 338.55875, 974.0891
84.375, 338.97076, 974.3891
84.375, 339.38278, 974.6891
84.375, 339.7948, 974.9891
84.375, 340.20633, 975.28906
84.375, 340.61786, 975.58905
85.625, 341.0294, 975.88904
85.625, 341.44092, 976.189
86.25, 341.852, 976.489
86.875, 342.26257, 976.789
87.5, 342.67316, 977.089
87.5, 343.08374, 977.389
88.125, 343.49432, 977.68896
88.125, 343.90442, 977.98895
88.125, 344.3145, 978.28894
88.75, 344.7246, 978.5889
88.75, 345.1347, 978.8889
88.75, 345.5448, 979.1889
88.75, 345.9549, 979.2889
88.75, 346.365, 979.38885
88.75, 346.7751, 979.48883
88.75, 347.18518, 979.5888
88.75, 347.59528, 979.6888
88.75, 348.00537, 979.78876
88.125, 348.41547, 979.88873
88.125, 348.82556, 979.9887
88.125, 349.23566, 980.0887
88.125, 349.64575, 980.18866
87.5, 350.05585, 980.28864
87.5, 350.46594, 980.3886
86.875, 350.87604, 980.4886
86.875, 351.28662, 980.58856
86.875, 351.6972, 980.68854
86.25, 352.1078, 980.7885
86.25, 352.51837, 980.8885
85.625, 352.92896, 980.98846
85.625, 353.34003, 981.08844
85.0, 353.7511, 981.1884
85.0, 354.16217, 981.2884
84.375, 354.57324, 981.38837
83.75, 354.9843, 981.48834
83.125, 355.39584, 981.5883
82.5, 355.80737, 981.6883
82.5, 356.2189, 981.78827
81.875, 356.63043, 981.88824
80.625, 357.04196, 981.9882
80.0, 357.45398, 982.0882
78.125, 357.8665, 982.1882
77.5, 358.279, 982.28815
75.625, 358.692, 982.3881
75.625, 359.10544, 982.4881
75.0, 359.5189, 982.5881
74.375, 359.93234, 982.68805
74.375, 360.3458, 982.788
74.375, 360.75925, 982.888
73.75, 361.1727, 982.988
73.75, 361.58664, 983.08795
73.125, 362.00058, 983.1879
72.5, 362.415, 983.2879
72.5, 362.82944, 983.3879
71.875, 363.24387, 983.48785
71.875, 363.6583, 983.5878
71.25, 364.07272, 983.6878
70.625, 364.48715, 983.7878
70.625, 364.90207, 983.88776
68.75, 365.317, 983.98773
68.75, 365.73236, 984.0877
68.125, 366.14774, 984.1877
67.5, 366.5631, 984.28766
66.875, 366.9785, 984.38763
66.25, 367.39435, 984.4876
65.0, 367.8102, 984.5876
65.0, 368.22656, 984.68756
63.75, 368.6429, 984.78754
62.5, 369.05927, 984.8875
61.25, 369.4761, 984.9875
60.625, 369.8934, 985.08746
60.0, 370.3107, 985.18744
58.75, 370.728, 985.2874
57.5, 371.14578, 985.3874
56.875, 371.56357, 985.48737
56.25, 371.98135, 985.58734
55.625, 372.39963, 985.6873
55.0, 372.8179, 985.7873
55.0, 373.23666, 985.88727
55.0, 373.65543, 985.98724
55.0, 374.0742, 986.0872
54.375, 374.49295, 986.1872
54.375, 374.9117, 986.2872
54.375, 375.33047, 986.38715
54.375, 375.74924, 986.4871
54.375, 376.168, 986.5871
54.375, 376.58676, 986.6871
54.375, 377.00552, 986.78705
54.375, 377.4243, 986.887
54.375, 377.84305, 986.987
54.375, 378.2618, 987.087
54.375, 378.68057, 987.18695
54.375, 379.09933, 987.2869
54.375, 379.5181, 987.3869
54.375, 379.93686, 987.4869
54.375, 380.35562, 987.58685
54.375, 380.77438, 987.6868
54.375, 381.19315, 987.7868
54.375, 381.6119, 987.8868
54.375, 382.03067, 987.98676
54.375, 382.44943, 988.08673
54.375, 382.8682, 988.1867
54.375, 383.28696, 988.2867
54.375, 383.70572, 988.38666
54.375, 384.12448, 988.48663
54.375, 384.54324, 988.5866
54.375, 384.962, 988.6866
54.375, 385.38077, 988.78656
54.375, 385.79953, 988.88654
54.375, 386.2183, 988.9865
54.375, 386.63705, 989.0865
54.375, 387.05582, 989.18646
54.375, 387.47458, 989.28644
54.375, 387.89334, 989.3864
54.375, 388.3121, 989.4864
54.375, 388.73087, 989.58636
54.375, 389.14963, 989.68634
54.375, 389.5684, 989.7863
54.375, 389.98715, 989.8863
54.375, 390.4059, 989.98627
54.375, 390.82468, 990.08624
54.375, 391.24344, 990.1862
54.375, 391.6622, 990.2862
54.375, 392.08096, 990.38617
54.375, 392.49973, 990.48615
55.0, 392.9185, 990.5861
55.625, 393.33725, 990.6861
55.625, 393.75552, 990.7861
56.25, 394.1738, 990.88605
56.875, 394.59207, 990.986
57.5, 395.00986, 991.086
57.5, 395.42764, 991.186
58.125, 395.84494, 991.28595
58.125, 396.26224, 991.3859
58.75, 396.67953, 991.4859
58.75, 397.09637, 991.5859
59.375, 397.5132, 991.68585
59.375, 397.93005, 991.7858
60.0, 398.3469, 991.8858
60.0, 398.76324, 991.9858
60.0, 399.1796, 992.08575
60.625, 399.59595, 992.1857
60.625, 400.0123, 992.2857
60.625, 400.42865, 992.3857
61.25, 400.8445, 992.48566
61.25, 401.26038, 992.58563
61.25, 401.67624, 992.6856
61.875, 402.0921, 992.7856
61.875, 402.50748, 992.88556
62.5, 402.92285, 992.98553
63.125, 403.33823, 993.0855
63.75, 403.75314, 993.1855
64.375, 404.16806, 993.28546
65.0, 404.5825, 993.38544
65.0, 404.99692, 993.4854
65.625, 405.41135, 993.5854
66.25, 405.8253, 993.68536
66.875, 406.23923, 993.78534
66.875, 406.65268, 993.8853
68.125, 407.06567, 993.9853
69.375, 407.47818, 994.08527
69.375, 407.8907, 994.18524
70.0, 408.3032, 994.2852
71.25, 408.7152, 994.3852
71.875, 409.12674, 994.48517
72.5, 409.5378, 994.58514
73.125, 409.9484, 994.6851
73.75, 410.35898, 994.7851
74.375, 410.76907, 994.8851
75.0, 411.17917, 994.98505
75.0, 411.58878, 995.085
76.25, 411.99838, 995.185
76.25, 412.40753, 995.285
76.875, 412.81668, 995.38495
77.5, 413.22534, 995.4849
78.125, 413.634, 995.5849
78.125, 414.04218, 995.6849
78.75, 414.45035, 995.78485
79.375, 414.85803, 995.8848
80.0, 415.26572, 995.9848
80.0, 415.67294, 996.0848
81.25, 416.07968, 996.18475
81.875, 416.48593, 996.2847
82.5, 416.89218, 996.3847
82.5, 417.29794, 996.4847
83.125, 417.7037, 996.58466
84.375, 418.10898, 996.68463
85.0, 418.5138, 996.7846
88.125, 418.91812, 996.8846
89.375, 419.321, 996.98456
90.0, 419.72342, 997.08453
90.625, 420.12534, 997.1845
91.25, 420.52676, 997.2845
91.875, 420.9282, 997.38446
91.875, 421.32916, 997.48444
93.125, 421.73013, 997.5844
93.125, 422.1306, 997.6844
93.75, 422.5306, 997.78436
94.375, 422.9306, 997.88434
95.0, 423.3301, 997.9843
96.25, 423.72916, 998.0843
96.25, 424.1282, 998.18427
96.875, 424.52676, 998.28424
97.5, 424.92484, 998.3842
98.125, 425.3229, 998.4842
98.125, 425.72098, 998.58417
98.75, 426.11856, 998.68414
99.375, 426.5157, 998.7841
99.375, 426.9128, 998.8841
99.375, 427.30994, 998.9841
99.375, 427.70706, 999.08405
99.375, 428.1042, 999.184
99.375, 428.5013, 999.284
99.375, 428.89844, 999.384
99.375, 429.29556, 999.48395
99.375, 429.6927, 999.5839
99.375, 430.0898, 999.6839
99.375, 430.48694, 999.7839
99.375, 430.88406, 999.88385
98.75, 431.2812, 999.9838
98.75, 431.6783, 1000.0838
97.5, 432.07544, 1000.1838
96.25, 432.47302, 1000.28375
96.25, 432.8706, 1000.3837
94.375, 433.2682, 1000.4837
93.75, 433.66577, 1000.5837
93.125, 434.06384, 1000.68365
92.5, 434.4619, 1000.7836
91.875, 434.86, 1000.8836
91.25, 435.25854, 1000.9836
90.625, 435.6571, 1001.08356
90.625, 436.05566, 1001.18353
90.0, 436.45422, 1001.2835
90.0, 436.85278, 1001.3835
88.75, 437.25183, 1001.48346
88.75, 437.65088, 1001.58344
87.5, 438.04993, 1001.6834
86.875, 438.44943, 1001.7834
86.25, 438.84894, 1001.88336
86.25, 439.24844, 1001.98334
85.625, 439.64844, 1002.0833
85.625, 440.04843, 1002.1833
85.0, 440.44843, 1002.28326
84.375, 440.8489, 1002.38324
84.375, 441.2494, 1002.4832
83.75, 441.65036, 1002.5832
83.125, 442.05133, 1002.68317
82.5, 442.45276, 1002.78314
82.5, 442.8542, 1002.8831
81.25, 443.2561, 1002.9831
81.25, 443.65802, 1003.08307
80.625, 444.06042, 1003.18304
80.0, 444.46283, 1003.283
80.0, 444.86572, 1003.383
79.375, 445.26862, 1003.483
79.375, 445.67197, 1003.58295
78.75, 446.07532, 1003.6829
78.125, 446.47867, 1003.7829
78.125, 446.8825, 1003.8829
77.5, 447.28683, 1003.98285
76.875, 447.69116, 1004.0828
76.875, 448.09598, 1004.1828
76.25, 448.5008, 1004.2828
76.25, 448.9056, 1004.38275
76.25, 449.31042, 1004.4827
75.0, 449.7157, 1004.5827
75.0, 450.12146, 1004.6827
75.0, 450.52722, 1004.78265
74.375, 450.93347, 1004.8826
74.375, 451.33972, 1004.9826
73.125, 451.74597, 1005.0826
73.125, 452.1527, 1005.18256
71.875, 452.55994, 1005.28253
71.875, 452.96762, 1005.3825
70.625, 453.3753, 1005.4825
70.625, 453.78397, 1005.58246
70.0, 454.19263, 1005.68243
69.375, 454.60178, 1005.7824
68.75, 455.01138, 1005.8824
68.125, 455.42148, 1005.98236
67.5, 455.83157, 1006.08234
67.5, 456.24216, 1006.1823
66.875, 456.65274, 1006.2823
66.875, 457.0638, 1006.38226
66.25, 457.47488, 1006.48224
65.625, 457.8864, 1006.5822
65.625, 458.29843, 1006.6822
65.0, 458.71094, 1006.78217
65.0, 459.1244, 1006.88214
63.75, 459.53784, 1006.9821
63.75, 459.95227, 1007.0821
63.75, 460.3667, 1007.18207
63.125, 460.78162, 1007.28204
63.125, 461.197, 1007.382
62.5, 461.61237, 1007.482
62.5, 462.02823, 1007.582
62.5, 462.4441, 1007.68195
61.875, 462.86044, 1007.7819
61.875, 463.2768, 1007.8819
61.25, 463.69363, 1007.9819
61.25, 464.11142, 1008.08185
60.625, 464.5292, 1008.1818
60.0, 464.94797, 1008.2818
59.375, 465.36673, 1008.3818
59.375, 465.78595, 1008.48175
59.375, 466.20517, 1008.5817
59.375, 466.62488, 1008.6817
58.75, 467.04507, 1008.7817
58.75, 467.46527, 1008.88165
58.125, 467.88596, 1008.9816
57.5, 468.30664, 1009.0816
57.5, 468.72778, 1009.1816
56.875, 469.1494, 1009.28156
56.25, 469.57153, 1009.38153
55.625, 469.99414, 1009.4815
55.625, 470.4172, 1009.5815
55.0, 470.84027, 1009.68146
55.0, 471.2643, 1009.78143
54.375, 471.68835, 1009.8814
53.75, 472.1124, 1009.9814
53.125, 472.53693, 1010.08136
52.5, 472.9619, 1010.18134
52.5, 473.3874, 1010.2813
51.875, 473.81287, 1010.3813
51.25, 474.23883, 1010.48126
50.625, 474.6648, 1010.58124
50.0, 475.09125, 1010.6812
49.375, 475.51816, 1010.7812
48.75, 475.94507, 1010.88116
48.75, 476.37247, 1010.98114
47.5, 476.79987, 1011.0811
47.5, 477.22775, 1011.1811
46.875, 477.65613, 1011.28107
46.25, 478.0845, 1011.38104
46.25, 478.51334, 1011.481
45.625, 478.94266, 1011.581
45.0, 479.37198, 1011.68097
44.375, 479.8018, 1011.78094
44.375, 480.2321, 1011.8809
43.75, 480.66238, 1011.9809
43.125, 481.09314, 1012.0809
43.125, 481.52438, 1012.18085
42.5, 481.95563, 1012.2808
42.5, 482.38687, 1012.3808
42.5, 482.8181, 1012.4808
42.5, 483.24985, 1012.58075
41.875, 483.68158, 1012.6807
41.875, 484.1133, 1012.7807
41.875, 484.54504, 1012.8807
41.875, 484.97726, 1012.98065
41.25, 485.4095, 1013.0806
41.25, 485.8417, 1013.1806
40.625, 486.27438, 1013.2806
40.0, 486.70706, 1013.38055
39.375, 487.14023, 1013.4805
38.75, 487.57388, 1013.5805
38.75, 488.00803, 1013.6805
38.125, 488.44217, 1013.78046
37.5, 488.87677, 1013.88043
37.5, 489.31186, 1013.9804
36.875, 489.74695, 1014.0804
36.25, 490.18253, 1014.18036
35.625, 490.6181, 1014.28033
35.625, 491.05417, 1014.3803
35.0, 491.49023, 1014.4803
34.375, 491.92676, 1014.58026
34.375, 492.36377, 1014.68024
33.75, 492.80078, 1014.7802
33.125, 493.23828, 1014.8802
31.25, 493.67627, 1014.98016
31.25, 494.1152, 1015.08014
30.625, 494.55463, 1015.1801
29.375, 494.99405, 1015.2801
28.75, 495.43445, 1015.38007
28.125, 495.8753, 1015.48004
27.5, 496.31665, 1015.58
27.5, 496.758, 1015.68
27.5, 497.19934, 1015.77997
27.5, 497.64117, 1015.87994
27.5, 498.083, 1015.9799
27.5, 498.52484, 1016.0799
27.5, 498.96667, 1016.1799
27.5, 499.4085, 1016.27985
27.5, 499.85034, 1016.3798
27.5, 500.29218, 1016.4798
27.5, 500.734, 1016.5798
27.5, 501.17584, 1016.67975
27.5, 501.61768, 1016.7797
27.5, 502.0595, 1016.8797
27.5, 502.50134, 1016.9797
27.5, 502.94318, 1017.07965
27.5, 503.385, 1017.1796
28.125, 503.82684, 1017.2796
28.125, 504.2682, 1017.3796
28.75, 504.70953, 1017.47955
30.0, 505.15088, 1017.5795
30.625, 505.59174, 1017.6795
31.25, 506.03214, 1017.7795
31.875, 506.47253, 1017.87946
32.5, 506.91245, 1017.97943
33.125, 507.35236, 1018.0794
33.125, 507.79227, 1018.1794
33.75, 508.2317, 1018.27936
33.75, 508.6711, 1018.37933
35.0, 509.11053, 1018.4793
35.0, 509.54996, 1018.5793
35.0, 509.9889, 1018.67926
35.625, 510.42783, 1018.77924
36.875, 510.86676, 1018.8792
36.875, 511.3057, 1018.9792
38.75, 511.74463, 1019.07916
40.0, 512.1831, 1019.17914
41.25, 512.6216, 1019.2791
41.25, 513.0596, 1019.3791
42.5, 513.49756, 1019.47906
42.5, 513.93555, 1019.57904
43.125, 514.37354, 1019.679
43.75, 514.8115, 1019.779
44.375, 515.2495, 1019.87897
45.0, 515.6875, 1019.97894
45.625, 516.1255, 1020.0789
46.25, 516.5635, 1020.1789
46.875, 517.00146, 1020.2789
47.5, 517.43945, 1020.37885
48.125, 517.87744, 1020.4788
50.0, 518.3154, 1020.5788
50.0, 518.7534, 1020.6788
50.0, 519.1914, 1020.77875
51.875, 519.6294, 1020.8787
52.5, 520.0674, 1020.9787
52.5, 520.5054, 1021.0787
53.125, 520.94336, 1021.17865
53.75, 521.38135, 1021.2786
54.375, 521.81934, 1021.3786
54.375, 522.2573, 1021.4786
55.0, 522.6953, 1021.57855
55.625, 523.1333, 1021.6785
56.25, 523.5713, 1021.7785
56.25, 524.0093, 1021.8785
57.5, 524.44727, 1021.97845
57.5, 524.88525, 1022.0784
58.125, 525.32324, 1022.1784
58.125, 525.7612, 1022.2784
58.75, 526.1992, 1022.37836
58.75, 526.6372, 1022.47833
58.75, 527.0752, 1022.5783
59.375, 527.5132, 1022.6783
59.375, 527.9512, 1022.77826
60.0, 528.38916, 1022.87823
60.0, 528.82715, 1022.9782
60.625, 529.26514, 1023.0782
61.25, 529.70264, 1023.17816
61.25, 530.14014, 1023.27814
61.875, 530.57764, 1023.3781
61.875, 531.01514, 1023.4781
63.125, 531.45264, 1023.57806
63.125, 531.88965, 1023.67804
63.125, 532.32666, 1023.778
63.75, 532.7637, 1023.878
63.75, 533.2007, 1023.97797
64.375, 533.6377, 1024.078
65.0, 534.0742, 1024.178
65.625, 534.51074, 1024.278
66.25, 534.94727, 1024.3779
66.875, 535.3838, 1024.4779
67.5, 535.8198, 1024.5779
67.5, 536.25586, 1024.6779
68.125, 536.6919, 1024.7778
68.75, 537.1279, 1024.8778
69.375, 537.56396, 1024.9778
69.375, 538.0, 1025.0778
70.0, 538.43604, 1025.1777
70.0, 538.8716, 1025.2777
70.625, 539.3071, 1025.3777
70.625, 539.7427, 1025.4777
71.875, 540.1782, 1025.5776
71.875, 540.6138, 1025.6776
72.5, 541.0493, 1025.7776
74.375, 541.48486, 1025.8776
75.0, 541.9204, 1025.9775
75.625, 542.35596, 1026.0775
76.25, 542.7915, 1026.1775
76.875, 543.22705, 1026.2775
77.5, 543.6626, 1026.3774
77.5, 544.09814, 1026.4774
78.125, 544.5337, 1026.5774
78.125, 544.96924, 1026.6774
78.125, 545.4048, 1026.7773
78.125, 545.84033, 1026.8773
78.125, 546.2759, 1026.9773
78.125, 546.7114, 1027.0773
78.125, 547.147, 1027.1772
78.125, 547.5825, 1027.2772
78.125, 548.01807, 1027.3772
78.125, 548.4536, 1027.4772
76.875, 548.88916, 1027.5771
76.25, 549.3252, 1027.6771
74.375, 549.7622, 1027.7771
73.125, 550.2002, 1027.8771
71.25, 550.63916, 1027.977
70.0, 551.08, 1028.077
69.375, 551.52136, 1028.177
69.375, 551.9632, 1028.277
68.75, 552.405, 1028.377
68.125, 552.84735, 1028.4769
67.5, 553.2897, 1028.5769
66.875, 553.733, 1028.6769
66.875, 554.1763, 1028.7769
66.25, 554.62, 1028.8768
66.25, 555.0637, 1028.9768
66.25, 555.50745, 1029.0768
65.625, 555.95166, 1029.1768
65.625, 556.3959, 1029.2767
65.625, 556.8406, 1029.3767
65.0, 557.2853, 1029.4767
65.0, 557.73, 1029.5767
65.0, 558.1752, 1029.6766
64.375, 558.62036, 1029.7766
64.375, 559.06555, 1029.8766
63.75, 559.5112, 1029.9766
63.75, 559.9569, 1030.0765
63.125, 560.4031, 1030.1765
62.5, 560.84924, 1030.2765
62.5, 561.2959, 1030.3765
62.5, 561.74255, 1030.4764
61.875, 562.1892, 1030.5764
61.875, 562.63635, 1030.6764
61.875, 563.0839, 1030.7764
61.875, 563.5315, 1030.8763
61.25, 563.97906, 1030.9763
61.25, 564.42664, 1031.0763
61.25, 564.8747, 1031.1763
60.625, 565.32275, 1031.2762
60.625, 565.7708, 1031.3762
60.0, 566.2189, 1031.4762
60.0, 566.6674, 1031.5762
59.375, 567.11597, 1031.6761
59.375, 567.5645, 1031.7761
59.375, 568.01404, 1031.8761
58.75, 568.46356, 1031.9761
58.75, 568.9131, 1032.076
58.75, 569.3626, 1032.176
58.125, 569.81213, 1032.276
57.5, 570.26215, 1032.376
57.5, 570.71216, 1032.476
56.875, 571.1622, 1032.5759
56.875, 571.6127, 1032.6759
56.25, 572.0632, 1032.7759
56.25, 572.51416, 1032.8759
55.625, 572.96515, 1032.9758
55.625, 573.41614, 1033.0758
55.0, 573.86755, 1033.1758
53.75, 574.319, 1033.2758
53.75, 574.7709, 1033.3757
53.75, 575.2228, 1033.4757
53.125, 575.6747, 1033.5757
53.125, 576.1271, 1033.6757
52.5, 576.57947, 1033.7756
52.5, 577.03235, 1033.8756
52.5, 577.4852, 1033.9756
51.875, 577.9386, 1034.0756
51.25, 578.39197, 1034.1755
50.625, 578.8458, 1034.2755
50.625, 579.2997, 1034.3755
50.625, 579.75354, 1034.4755
50.0, 580.2079, 1034.5754
50.0, 580.66223, 1034.6754
49.375, 581.1166, 1034.7754
48.75, 581.5709, 1034.8754
48.75, 582.02576, 1034.9753
48.125, 582.4806, 1035.0753
47.5, 582.93585, 1035.1753
47.5, 583.3916, 1035.2753
46.25, 583.84735, 1035.3752
46.25, 584.3036, 1035.4752
45.625, 584.7598, 1035.5752
45.0, 585.21655, 1035.6752
45.0, 585.6733, 1035.7751
44.375, 586.1305, 1035.8751
43.125, 586.5882, 1035.9751
41.25, 587.0469, 1036.0751
41.25, 587.50696, 1036.175
40.625, 587.9675, 1036.275
40.0, 588.4286, 1036.375
39.375, 588.89014, 1036.475
38.75, 589.3522, 1036.575
38.125, 589.8151, 1036.6749
37.5, 590.2781, 1036.7749
36.875, 590.7415, 1036.8749
36.875, 591.20544, 1036.9749
35.625, 591.6694, 1037.0748
35.625, 592.13477, 1037.1748
34.375, 592.60016, 1037.2748
34.375, 593.06604, 1037.3748
33.75, 593.5324, 1037.4747
33.125, 593.9992, 1037.5747
32.5, 594.466, 1037.6747
32.5, 594.9333, 1037.7747
31.875, 595.40106, 1037.8746
31.875, 595.86884, 1037.9746
31.875, 596.3371, 1038.0746
31.25, 596.80536, 1038.1746
31.25, 597.2736, 1038.2745
30.625, 597.7424, 1038.3745
30.625, 598.2116, 1038.4745
30.0, 598.68085, 1038.5745
30.0, 599.1506, 1038.6744
29.375, 599.6203, 1038.7744
29.375, 600.09, 1038.8744
28.75, 600.56024, 1038.9744
28.75, 601.03094, 1039.0743
28.75, 601.50165, 1039.1743
28.75, 601.97235, 1039.2743
28.125, 602.4435, 1039.3743
28.125, 602.9146, 1039.4742
28.125, 603.38574, 1039.5742
28.125, 603.8569, 1039.6742
28.125, 604.328, 1039.7742
27.5, 604.79913, 1039.8741
27.5, 605.27075, 1039.9741
27.5, 605.7424, 1040.0741
27.5, 606.214, 1040.1741
26.875, 606.6856, 1040.274
26.875, 607.1577, 1040.1741
26.875, 607.6303, 1040.0741
26.875, 608.1029, 1039.9741
26.875, 608.5755, 1039.8741
26.25, 609.0481, 1039.7742
26.25, 609.5207, 1039.6742
26.25, 609.9938, 1039.5742
26.25, 610.46735, 1039.4742
25.625, 610.9409, 1039.3743
25.625, 611.4145, 1039.2743
25.0, 611.88855, 1039.1743
25.0, 612.3631, 1039.0743
24.375, 612.8381, 1038.9744
24.375, 613.31354, 1038.8744
24.375, 613.789, 1038.7744
23.75, 614.26447, 1038.6744
23.75, 614.7404, 1038.5745
23.125, 615.21686, 1038.4745
23.125, 615.6933, 1038.3745
22.5, 616.1702, 1038.2745
22.5, 616.64716, 1038.1746
22.5, 617.1241, 1038.0746
21.875, 617.6015, 1037.9746
21.875, 618.0794, 1037.8746
21.875, 618.5573, 1037.7747
21.25, 619.0357, 1037.6747
21.25, 619.5141, 1037.5747
20.625, 619.9925, 1037.4747
20.625, 620.4713, 1037.3748
20.625, 620.95013, 1037.2748
20.0, 621.42944, 1037.1748
20.0, 621.90875, 1037.0748
20.0, 622.38806, 1036.9749
20.0, 622.86786, 1036.8749
20.0, 623.34766, 1036.7749
19.375, 623.82794, 1036.6749
19.375, 624.3082, 1036.575
19.375, 624.7885, 1036.475
18.75, 625.2693, 1036.375
18.75, 625.75006, 1036.275
18.75, 626.2313, 1036.175
18.125, 626.7126, 1036.0751
18.125, 627.19434, 1035.9751
17.5, 627.6761, 1035.8751
17.5, 628.1583, 1035.7751
17.5, 628.64056, 1035.6752
17.5, 629.1237, 1035.5752
17.5, 629.6069, 1035.4752
17.5, 630.09, 1035.3752
16.875, 630.5732, 1035.2753
16.875, 631.05634, 1035.1753
16.875, 631.5395, 1035.0753
16.875, 632.02264, 1034.9753
16.875, 632.5058, 1034.8754
16.875, 632.98895, 1034.7754
16.875, 633.4721, 1034.6754
16.875, 633.95526, 1034.5754
16.875, 634.4384, 1034.4755
16.875, 634.9216, 1034.3755
16.875, 635.4047, 1034.2755
16.875, 635.8879, 1034.1755
16.875, 636.37103, 1034.0756
16.875, 636.8542, 1033.9756
16.875, 637.33734, 1033.8756
16.875, 637.8205, 1033.7756
16.875, 638.30365, 1033.6757
16.875, 638.7868, 1033.5757
16.875, 639.26996, 1033.4757
16.875, 639.7531, 1033.3757
16.875, 640.23627, 1033.2758
16.875, 640.7194, 1033.1758
16.875, 641.2026, 1033.0758
16.875, 641.6857, 1032.9758
16.875, 642.1689, 1032.8759
16.875, 642.65204, 1032.7759
16.875, 643.1352, 1032.6759
16.875, 643.61835, 1032.5759
16.875, 644.1015, 1032.476
16.875, 644.58466, 1032.376
16.875, 645.0678, 1032.276
16.875, 645.55096, 1032.176
16.875, 646.0341, 1032.076
16.875, 646.5173, 1031.9761
16.875, 647.0004, 1031.8761
16.875, 647.4836, 1031.7761
16.875, 647.96674, 1031.6761
16.875, 648.4499, 1031.5762
17.5, 648.93304, 1031.4762
17.5, 649.4162, 1031.3762
17.5, 649.89935, 1031.2762
18.125, 650.3825, 1031.1763
18.75, 650.8652, 1031.0763
18.75, 651.34784, 1030.9763
18.75, 651.8305, 1030.8763
18.75, 652.31274, 1030.7764
18.75, 652.795, 1030.6764
18.75, 653.2772, 1030.5764
19.375, 653.75946, 1030.4764
19.375, 654.2412, 1030.3765
20.0, 654.72296, 1030.2765
20.0, 655.2042, 1030.1765
20.0, 655.6855, 1030.0765
20.625, 656.16675, 1029.9766
20.625, 656.6475, 1029.8766
20.625, 657.1283, 1029.7766
21.25, 657.6091, 1029.6766
21.25, 658.08936, 1029.5767
21.875, 658.56964, 1029.4767
21.875, 659.04944, 1029.3767
21.875, 659.52924, 1029.2767
21.875, 660.00903, 1029.1768
21.875, 660.48883, 1029.0768
22.5, 660.96814, 1028.9768
22.5, 661.44745, 1028.8768
22.5, 661.92676, 1028.7769
23.125, 662.40607, 1028.6769
23.125, 662.8854, 1028.5769
23.125, 663.3647, 1028.4769
23.125, 663.844, 1028.377
23.125, 664.3228, 1028.277
23.75, 664.80164, 1028.177
23.75, 665.28046, 1028.077
23.75, 665.75885, 1027.977
24.375, 666.23724, 1027.8771
24.375, 666.71564, 1027.7771
24.375, 667.19354, 1027.6771
24.375, 667.67145, 1027.5771
25.0, 668.14935, 1027.4772
25.0, 668.62726, 1027.3772
25.0, 669.10516, 1027.2772
25.625, 669.58307, 1027.1772
25.625, 670.0605, 1027.0773
25.625, 670.5379, 1026.9773
25.625, 671.01483, 1026.8773
26.25, 671.49176, 1026.7773
26.25, 671.9687, 1026.6774
26.25, 672.4456, 1026.5774
26.875, 672.92206, 1026.4774
26.875, 673.3985, 1026.3774
26.875, 673.87445, 1026.2775
26.875, 674.3504, 1026.1775
27.5, 674.82635, 1026.0775
28.125, 675.3023, 1025.9775
28.125, 675.7778, 1025.8776
28.125, 676.25323, 1025.7776
28.75, 676.7287, 1025.6776
28.75, 677.2037, 1025.5776
28.75, 677.67865, 1025.4777
28.75, 678.1536, 1025.3777
29.375, 678.6286, 1025.2777
29.375, 679.10315, 1025.1777
29.375, 679.5777, 1025.0778
29.375, 680.05225, 1024.9778
30.0, 680.5268, 1024.8778
30.0, 681.00134, 1024.7778
30.0, 681.4754, 1024.6779
30.625, 681.94946, 1024.5779
30.625, 682.4235, 1024.4779
30.625, 682.8976, 1024.3779
31.25, 683.37164, 1024.278
31.875, 683.8452, 1024.178
31.875, 684.3188, 1024.078
32.5, 684.79236, 1023.978
33.125, 685.2659, 1023.87805
33.125, 685.7395, 1023.7781
34.375, 686.2131, 1023.6781
34.375, 686.68665, 1023.5781
35.625, 687.1602, 1023.47815
36.25, 687.6338, 1023.3782
37.5, 688.10785, 1023.2782
38.125, 688.5824, 1023.1782
38.75, 689.05695, 1023.07825
38.75, 689.5315, 1022.9783
38.75, 690.00604, 1022.8783
38.75, 690.481, 1022.7783
38.75, 690.956, 1022.67834
39.375, 691.43097, 1022.57837
39.375, 691.90594, 1022.4784
39.375, 692.3809, 1022.3784
39.375, 692.8559, 1022.27844
39.375, 693.3309, 1022.17847
40.0, 693.80585, 1022.0785
40.0, 694.2808, 1021.9785
40.0, 694.7558, 1021.87854
41.25, 695.23126, 1021.77856
41.25, 695.7067, 1021.6786
41.25, 696.1827, 1021.5786
41.875, 696.6586, 1021.47864
41.875, 697.1351, 1021.37866
42.5, 697.6115, 1021.2787
42.5, 698.08795, 1021.1787
42.5, 698.5649, 1021.07874
43.125, 699.0418, 1020.97876
43.125, 699.51874, 1020.8788
43.75, 699.99615, 1020.7788
43.75, 700.4736, 1020.67883
43.75, 700.9515, 1020.57886
43.75, 701.4294, 1020.4789
43.75, 701.9078, 1020.3789
43.75, 702.38617, 1020.27893
43.75, 702.865, 1020.17896
43.75, 703.3438, 1020.079
43.75, 703.82263, 1019.979
43.75, 704.30194, 1019.879
43.75, 704.78125, 1019.77905
43.75, 705.26056, 1019.6791
43.75, 705.73987, 1019.5791
43.75, 706.21967, 1019.4791
43.75, 706.69946, 1019.37915
43.75, 707.17926, 1019.2792
43.75, 707.65955, 1019.1792
43.75, 708.13983, 1019.0792
43.75, 708.6206, 1018.97925
43.75, 709.10187, 1018.8793
43.125, 709.5831, 1018.7793
43.125, 710.0649, 1018.6793
43.125, 710.5471, 1018.57935
43.125, 711.02936, 1018.4794
42.5, 711.512, 1018.3794
42.5, 711.9947, 1018.2794
42.5, 712.47784, 1018.17944
42.5, 712.961, 1018.07947
42.5, 713.44464, 1017.9795
42.5, 713.9283, 1017.8795
42.5, 714.4119, 1017.77954
42.5, 714.89606, 1017.67957
41.875, 715.3802, 1017.5796
41.875, 715.8653, 1017.4796
41.25, 716.3509, 1017.37964
41.25, 716.837, 1017.27966
41.25, 717.32306, 1017.1797
41.25, 717.8096, 1017.0797
41.25, 718.2966, 1016.97974
40.625, 718.78406, 1016.87976
40.625, 719.27203, 1016.7798
40.625, 719.7605, 1016.6798
40.625, 720.24945, 1016.57983
40.625, 720.7384, 1016.47986
40.0, 721.22784, 1016.3799
40.0, 721.7178, 1016.2799
40.0, 722.2081, 1016.17993
39.375, 722.6985, 1016.07996
39.375, 723.18933, 1015.98
39.375, 723.6802, 1015.88
38.75, 724.1715, 1015.78
38.75, 724.6633, 1015.68005
38.75, 725.15515, 1015.5801
38.75, 725.64746, 1015.4801
38.75, 726.14026, 1015.3801
38.125, 726.63354, 1015.28015
37.5, 727.1273, 1015.1802
37.5, 727.6215, 1015.0802
37.5, 728.1157, 1014.9802
36.875, 728.6104, 1014.88025
36.875, 729.1056, 1014.7803
36.25, 729.60126, 1014.6803
36.25, 730.0979, 1014.5803
35.625, 730.59454, 1014.48035
35.625, 731.09216, 1014.3804
35.625, 731.5898, 1014.2804
35.0, 732.0878, 1014.1804
35.0, 732.58636, 1014.08044
34.375, 733.0849, 1013.98047
34.375, 733.5839, 1013.8805
34.375, 734.08295, 1013.7805
34.375, 734.58246, 1013.68054
33.75, 735.08246, 1013.58057
33.75, 735.58246, 1013.4806
33.75, 736.08295, 1013.3806
32.5, 736.58344, 1013.28064
32.5, 737.0849, 1013.18066
32.5, 737.58636, 1013.0807
32.5, 738.0878, 1012.9807
31.875, 738.5893, 1012.88074
31.25, 739.09125, 1012.78076
31.25, 739.5932, 1012.6808
31.25, 740.09515, 1012.5808
30.625, 740.59753, 1012.48083
30.625, 741.0999, 1012.38086
30.0, 741.6023, 1012.2809
30.0, 742.1047, 1012.1809
29.375, 742.60754, 1012.08093
29.375, 743.1104, 1011.98096
28.75, 743.6133, 1011.881
28.75, 744.11615, 1011.781
28.125, 744.6195, 1011.681
27.5, 745.12286, 1011.58105
27.5, 745.6262, 1011.4811
26.875, 746.1296, 1011.3811
26.875, 746.6334, 1011.2811
26.25, 747.13727, 1011.18115
25.625, 747.6421, 1011.0812
25.625, 748.1469, 1010.9812
25.0, 748.6522, 1010.8812
25.0, 749.158, 1010.78125
25.0, 749.6638, 1010.6813
24.375, 750.1696, 1010.5813
24.375, 750.67584, 1010.4813
23.75, 751.18207, 1010.38135
23.75, 751.6888, 1010.2814
23.125, 752.1955, 1010.1814
23.125, 752.7022, 1010.0814
23.125, 753.2094, 1009.98145
22.5, 753.7166, 1009.8815
22.5, 754.2238, 1009.7815
22.5, 754.731, 1009.6815
21.875, 755.2387, 1009.58154
21.875, 755.7464, 1009.48157
21.25, 756.2541, 1009.3816
21.25, 756.76227, 1009.2816
21.25, 757.27045, 1009.18164
20.625, 757.7786, 1009.08167
20.0, 758.2868, 1008.9817
20.0, 758.7955, 1008.8817
19.375, 759.30414, 1008.78174
18.75, 759.8133, 1008.68176
18.75, 760.32294, 1008.5818
18.125, 760.8326, 1008.4818
18.125, 761.34265, 1008.38184
17.5, 761.8527, 1008.28186
17.5, 762.3633, 1008.1819
16.875, 762.87384, 1008.0819
16.25, 763.3849, 1007.98193
16.25, 763.89594, 1007.88196
16.25, 764.407, 1007.782
15.625, 764.9185, 1007.682
15.625, 765.43005, 1007.58203
15.0, 765.9421, 1007.48206
14.375, 766.4541, 1007.3821
13.75, 766.9666, 1007.2821
12.5, 767.4796, 1007.1821
11.875, 767.9935, 1007.08215
11.25, 768.50793, 1006.9822
10.625, 769.0228, 1006.8822
10.0, 769.5382, 1006.7822
9.375, 770.0541, 1006.68225
8.75, 770.56995, 1006.5823
8.75, 771.0863, 1006.4823
8.125, 771.60315, 1006.3823
8.125, 772.12, 1006.28235
7.5, 772.63684, 1006.1824
7.5, 773.1542, 1006.0824
6.875, 773.6715, 1005.9824
6.25, 774.1893, 1005.88245
5.625, 774.70703, 1005.7825
5.625, 775.2253, 1005.6825
5.0, 775.7435, 1005.5825
4.375, 776.2618, 1005.48254
3.75, 776.78, 1005.38257
3.125, 777.29877, 1005.2826
3.125, 777.818, 1005.1826
2.5, 778.3372, 1005.08264
1.875, 778.85645, 1004.98267
1.25, 779.37616, 1004.8827
1.25, 779.8959, 1004.7827
0.625, 780.4161, 1004.68274
0.0, 780.9363, 1004.58276
0.0, 781.4565, 1004.4828
0.0, 781.9772, 1004.3828
0.0, 782.49786, 1004.28284
0.0, 783.01855, 1004.18286
0.0, 783.53925, 1004.0829
0.0, 784.05994, 1003.9829
0.0, 784.5806, 1003.88293
0.0, 785.1013, 1003.78296
0.0, 785.622, 1003.683
0.0, 786.1427, 1003.583
0.0, 786.6634, 1003.48303
0.0, 787.1841, 1003.38306
0.0, 787.7048, 1003.2831
0.0, 788.22546, 1003.1831
0.0, 788.74615, 1003.0831
0.0, 789.26685, 1002.98315
0.0, 789.78754, 1002.8832
0.0, 790.3082, 1002.7832
0.0, 790.8289, 1002.6832
0.0, 791.3496, 1002.58325
0.0, 791.8703, 1002.4833
0.0, 792.391, 1002.3833
0.0, 792.9117, 1002.2833
0.0, 793.4324, 1002.18335
0.0, 793.95306, 1002.0834
0.0, 794.47375, 1001.9834
0.0, 794.99445, 1001.8834
0.0, 795.51514, 1001.78345
0.0, 796.0358, 1001.6835
0.0, 796.5565, 1001.5835
0.0, 797.0772, 1001.4835
0.0, 797.5979, 1001.38354
0.0, 798.1186, 1001.28357
0.0, 798.6393, 1001.1836
0.0, 799.16, 1001.0836
0.0, 799.68066, 1000.98364
0.0, 800.20135, 1000.88367
0.0, 800.72205, 1000.7837
0.0, 801.24274, 1000.6837
0.0, 801.7634, 1000.58374
0.0, 802.2841, 1000.48376
0.0, 802.8048, 1000.3838
0.0, 803.3255, 1000.2838
0.625, 803.8524, 1000.18384
0.625, 804.37933, 1000.08386
1.25, 804.90625, 999.9839
1.875, 805.43317, 999.8839
2.5, 805.9601, 999.78394
3.125, 806.487, 999.68396
3.125, 807.0139, 999.584
3.75, 807.54083, 999.484
3.75, 808.06775, 999.38403
4.375, 808.59467, 999.28406
4.375, 809.1216, 999.1841
5.0, 809.648, 999.0841
5.0, 810.17444, 998.98413
5.0, 810.70087, 998.88416
5.625, 811.2273, 998.7842
5.625, 811.7537, 998.6842
6.875, 812.27966, 998.5842
8.125, 812.8056, 998.48425
8.75, 813.33105, 998.3843
9.375, 813.8565, 998.2843
10.0, 814.38153, 998.1843
10.0, 814.90656, 998.08435
10.625, 815.4316, 997.9844
11.25, 815.9561, 997.8844
11.875, 816.48065, 997.7844
11.875, 817.0052, 997.68445
12.5, 817.5297, 997.5845
12.5, 818.0538, 997.4845
13.125, 818.5778, 997.3845
13.125, 819.10187, 997.28455
13.75, 819.6259, 997.1846
14.375, 820.14996, 997.0846
14.375, 820.6735, 996.9846
14.375, 821.1971, 996.88464
15.0, 821.72015, 996.78467
15.0, 822.2432, 996.6847
15.0, 822.7663, 996.5847
15.625, 823.28937, 996.48474
15.625, 823.81244, 996.38477
15.625, 824.3355, 996.2848
15.625, 824.8581, 996.1848
16.25, 825.3807, 996.08484
16.25, 825.90326, 995.98486
16.25, 826.42584, 995.8849
16.25, 826.9484, 995.7849
16.875, 827.471, 995.68494
17.5, 827.9931, 995.58496
18.125, 828.5147, 995.485
18.125, 829.0363, 995.385
18.75, 829.5579, 995.28503
18.75, 830.0791, 995.18506
18.75, 830.6003, 995.0851
19.375, 831.12146, 994.9851
19.375, 831.64264, 994.88513
19.375, 832.1638, 994.78516
20.0, 832.6845, 994.6852
20.0, 833.2052, 994.5852
20.0, 833.7259, 994.4852
20.625, 834.2466, 994.38525
20.625, 834.7673, 994.2853
20.625, 835.28796, 994.1853
21.25, 835.80865, 994.0853
21.25, 836.32886, 993.98535
21.25, 836.84906, 993.8854
21.875, 837.36926, 993.7854
22.5, 837.889, 993.6854
22.5, 838.4087, 993.58545
22.5, 838.9279, 993.4855
22.5, 839.44714, 993.3855
22.5, 839.9664, 993.2855
23.125, 840.4856, 993.18555
23.125, 841.0048, 993.0856
23.125, 841.52405, 992.9856
23.125, 842.0433, 992.8856
23.75, 842.562, 992.78564
23.75, 843.08075, 992.68567
23.75, 843.5995, 992.5857
24.375, 844.1182, 992.4857
24.375, 844.6365, 992.38574
25.0, 845.1547, 992.28577
25.625, 845.673, 992.1858
25.625, 846.19073, 992.0858
25.625, 846.70807, 991.98584
26.25, 847.2254, 991.88586
26.25, 847.74274, 991.7859
26.875, 848.2596, 991.6859
26.875, 848.7764, 991.58594
27.5, 849.2933, 991.48596
27.5, 849.80963, 991.386
28.125, 850.326, 991.286
28.125, 850.84235, 991.18604
28.75, 851.3582, 991.08606
28.75, 851.8741, 990.9861
28.75, 852.38995, 990.8861
29.375, 852.9058, 990.78613
30.0, 853.4212, 990.68616
30.0, 853.9361, 990.5862
30.625, 854.451, 990.4862
30.625, 854.9654, 990.3862
30.625, 855.4798, 990.28625
30.625, 855.9942, 990.1863
31.25, 856.5086, 990.0863
31.875, 857.0225, 989.9863
31.875, 857.53644, 989.88635
31.875, 858.05035, 989.7864
32.5, 858.56384, 989.6864
33.125, 859.07733, 989.5864
33.125, 859.59033, 989.48645
33.125, 860.10333, 989.3865
33.75, 860.61633, 989.2865
33.75, 861.12933, 989.1865
34.375, 861.64185, 989.08655
34.375, 862.15436, 988.9866
35.0, 862.6664, 988.8866
35.0, 863.1784, 988.7866
35.625, 863.6904, 988.68665
36.25, 864.20197, 988.5867
36.25, 864.7135, 988.4867
36.875, 865.22455, 988.3867
37.5, 865.7356, 988.28674
38.125, 866.24664, 988.18677
38.75, 866.7572, 988.0868
38.75, 867.2673, 987.9868
39.375, 867.77734, 987.88684
39.375, 868.2874, 987.78687
40.0, 868.7975, 987.6869
40.0, 869.3071, 987.5869
40.625, 869.8168, 987.48694
41.25, 870.3264, 987.38696
41.25, 870.8356, 987.287
41.875, 871.3447, 987.187
42.5, 871.8539, 987.08704
42.5, 872.36255, 986.98706
43.125, 872.8712, 986.8871
43.125, 873.3799, 986.7871
43.75, 873.88806, 986.68713
44.375, 874.39624, 986.58716
44.375, 874.9044, 986.4872
44.375, 875.4121, 986.3872
45.0, 875.9198, 986.28723
45.0, 876.4275, 986.18726
45.0, 876.9352, 986.0873
45.625, 877.4429, 985.9873
45.625, 877.95056, 985.8873
46.25, 878.45776, 985.78735
46.25, 878.96497, 985.6874
46.875, 879.4717, 985.5874
47.5, 879.9784, 985.4874
47.5, 880.4851, 985.38745
47.5, 880.99133, 985.2875
48.125, 881.49756, 985.1875
48.125, 882.0038, 985.0875
48.125, 882.51, 984.98755
48.125, 883.01624, 984.8876
48.125, 883.52203, 984.7876
48.125, 884.02783, 984.6876
48.75, 884.5336, 984.58765
49.375, 885.0394, 984.4877
50.0, 885.54474, 984.3877
50.625, 886.0491, 984.2877
50.625, 886.5534, 984.18774
51.25, 887.05725, 984.08777
51.875, 887.5611, 983.9878
51.875, 888.06445, 983.8878
52.5, 888.5678, 983.78784
53.125, 889.0707, 983.68787
53.75, 889.57306, 983.5879
54.375, 890.0745, 983.4879
55.0, 890.5755, 983.38794
55.0, 891.076, 983.28796
55.625, 891.576, 983.188
55.625, 892.0755, 983.088
55.625, 892.5745, 982.98804
56.25, 893.07355, 982.88806
56.25, 893.5721, 982.7881
56.25, 894.0706, 982.6881
56.25, 894.56915, 982.58813
56.875, 895.0672, 982.48816
56.875, 895.56525, 982.3882
56.875, 896.06287, 982.2882
56.875, 896.5605, 982.18823
56.875, 897.0576, 982.08826
56.875, 897.55426, 981.9883
56.875, 898.0509, 981.8883
56.875, 898.54755, 981.7883
56.875, 899.0437, 981.68835
57.5, 899.53986, 981.5884
57.5, 900.036, 981.4884
57.5, 900.5317, 981.3884
57.5, 901.02734, 981.28845
57.5, 901.5225, 981.1885
57.5, 902.0177, 981.0885
57.5, 902.5124, 980.9885
57.5, 903.0071, 980.88855
57.5, 903.5018, 980.7886
57.5, 903.996, 980.6886
57.5, 904.4902, 980.5886
57.5, 904.9844, 980.48865
57.5, 905.4786, 980.3887
57.5, 905.9728, 980.2887
57.5, 906.46655, 980.1887
57.5, 906.9603, 980.08875
57.5, 907.4541, 979.9888
57.5, 907.9469, 979.8888
57.5, 908.4397, 979.7888
57.5, 908.9325, 979.68884
57.5, 909.4253, 979.58887
57.5, 909.9181, 979.4889
57.5, 910.4109, 979.3889
57.5, 910.9037, 979.28894
57.5, 911.3965, 979.18896
57.5, 911.8888, 979.089
57.5, 912.3811, 978.989
56.875, 912.8734, 978.88904
56.875, 913.3657, 978.78906
56.875, 913.85803, 978.6891
56.25, 914.34985, 978.5891
56.25, 914.8417, 978.48914
56.25, 915.3335, 978.38916
55.625, 915.8253, 978.2892
55.625, 916.31665, 978.1892
55.625, 916.808, 978.08923
55.0, 917.2993, 977.98926
55.0, 917.79065, 977.8893
54.375, 918.2815, 977.7893
54.375, 918.77234, 977.68933
54.375, 919.2632, 977.58936
53.75, 919.754, 977.4894
53.75, 920.2449, 977.3894
53.125, 920.7357, 977.2894
53.125, 921.22656, 977.18945
53.125, 921.7174, 977.0895
52.5, 922.20825, 976.9895
52.5, 922.6991, 976.8895
51.875, 923.18945, 976.78955
51.875, 923.6798, 976.6896
51.875, 924.17017, 976.5896
51.25, 924.6605, 976.4896
51.25, 925.1509, 976.38965
50.625, 925.64124, 976.2897
50.0, 926.1316, 976.1897
50.0, 926.62195, 976.0897
50.0, 927.1123, 975.98975
49.375, 927.60266, 975.8898
49.375, 928.093, 975.7898
49.375, 928.5834, 975.6898
49.375, 929.0737, 975.58984
48.75, 929.5641, 975.48987
48.75, 930.05444, 975.3899
48.125, 930.5448, 975.2899
48.125, 931.03516, 975.18994
48.125, 931.5255, 975.08997
47.5, 932.01636, 974.99
47.5, 932.5072, 974.89
47.5, 932.99805, 974.79004
46.875, 933.4889, 974.69006
46.25, 933.97974, 974.5901
45.625, 934.47107, 974.4901
45.625, 934.9624, 974.39014
45.0, 935.45374, 974.29016
44.375, 935.94556, 974.1902
44.375, 936.43787, 974.0902
43.75, 936.9302, 973.99023
43.75, 937.4225, 973.89026
43.125, 937.9153, 973.7903
42.5, 938.4081, 973.6903
42.5, 938.9009, 973.59033
41.875, 939.39417, 973.49036
41.875, 939.88794, 973.3904
41.25, 940.3817, 973.2904
40.625, 940.8759, 973.1904
40.625, 941.3701, 973.09045
39.375, 941.8648, 972.9905
38.75, 942.36, 972.8905
38.75, 942.85565, 972.7905
38.75, 943.3513, 972.69055
38.125, 943.8475, 972.5906
37.5, 944.3436, 972.4906
36.875, 944.8398, 972.3906
36.25, 945.3364, 972.29065
36.25, 945.83307, 972.1907
35.625, 946.3302, 972.0907
35.625, 946.82733, 971.9907
35.0, 947.32495, 971.89075
35.0, 947.8226, 971.7908
34.375, 948.3202, 971.6908
34.375, 948.81824, 971.5908
33.75, 949.3163, 971.49084
33.75, 949.8148, 971.39087
33.75, 950.31335, 971.2909
33.75, 950.8119, 971.1909
33.75, 951.3104, 971.09094
33.75, 951.80896, 970.99097
33.75, 952.3075, 970.891
33.75, 952.806, 970.791
33.75, 953.30457, 970.69104
33.75, 953.8031, 970.59106
33.75, 954.30164, 970.4911
33.75, 954.8002, 970.3911
33.75, 955.2987, 970.29114
33.75, 955.79724, 970.19116
33.75, 956.2958, 970.0912
33.75, 956.7943, 969.9912
33.75, 957.29285, 969.89124
33.75, 957.7914, 969.79126
33.75, 958.2899, 969.6913
33.75, 958.78845, 969.5913
33.75, 959.287, 969.49133
33.75, 959.7855, 969.39136
33.75, 960.28406, 969.2914
33.75, 960.7826, 969.1914
33.75, 961.2811, 969.09143
33.75, 961.77966, 968.99146
33.75, 962.2782, 968.8915
33.75, 962.77673, 968.7915
33.75, 963.27527, 968.6915
33.125, 963.7748, 968.59155
33.125, 964.2743, 968.4916
33.125, 964.7738, 968.3916
32.5, 965.2738, 968.2916
32.5, 965.7738, 968.19165
32.5, 966.2743, 968.0917
31.875, 966.7748, 967.9917
31.875, 967.27576, 967.8917
31.25, 967.77673, 967.79175
30.625, 968.2782, 967.6918
30.0, 968.7806, 967.5918
30.0, 969.28296, 967.4918
28.75, 969.7858, 967.39185
28.75, 970.2892, 967.2919
28.75, 970.79254, 967.1919
28.125, 971.2964, 967.0919
28.125, 971.8007, 966.99194
28.125, 972.30505, 966.89197
27.5, 972.8094, 966.792
27.5, 973.3137, 966.692
27.5, 973.81854, 966.59204
27.5, 974.32336, 966.49207
26.875, 974.8282, 966.3921
26.875, 975.333, 966.2921
26.25, 975.8378, 966.19214
26.25, 976.34314, 966.09216
25.625, 976.84894, 965.9922
25.625, 977.35516, 965.8922
25.0, 977.8614, 965.79224
25.0, 978.3676, 965.69226
24.375, 978.8743, 965.5923
24.375, 979.38153, 965.4923
23.75, 979.88873, 965.39233
23.125, 980.3964, 965.29236
23.125, 980.9041, 965.1924
23.125, 981.4118, 965.0924
22.5, 981.92, 964.99243
22.5, 982.42865, 964.89246
22.5, 982.9373, 964.7925
21.875, 983.4465, 964.6925
21.875, 983.9556, 964.5925
21.875, 984.4648, 964.49255
21.25, 984.9744, 964.3926
21.25, 985.4841, 964.2926
21.25, 985.9937, 964.1926
20.625, 986.50336, 964.09265
20.625, 987.0134, 963.9927
20.625, 987.5235, 963.8927
20.0, 988.03406, 963.7927
20.0, 988.5451, 963.69275
20.0, 989.05615, 963.5928
19.375, 989.5677, 963.4928
19.375, 990.0792, 963.3928
18.75, 990.59076, 963.29285
18.75, 991.1028, 963.1929
18.75, 991.6148, 963.0929
18.75, 992.1273, 962.9929
18.125, 992.6403, 962.89294
18.125, 993.1533, 962.79297
18.125, 993.6668, 962.693
17.5, 994.1803, 962.593
17.5, 994.6942, 962.49304
17.5, 995.2086, 962.39307
17.5, 995.723, 962.2931
17.5, 996.2374, 962.1931
16.875, 996.7523, 962.09314
16.875, 997.2672, 961.99316
16.25, 997.7826, 961.8932
16.25, 998.29846, 961.7932
16.25, 998.81433, 961.69324
15.625, 999.3302, 961.59326
15.625, 999.84656, 961.4933
15.625, 1000.3634, 961.3933
15.625, 1000.88025, 961.29333
15.625, 1001.3976, 961.19336
15.0, 1001.9149, 961.0934
15.0, 1002.43225, 960.9934
15.0, 1002.95, 960.89343
15.0, 1003.4678, 960.79346
14.375, 1003.98553, 960.6935
14.375, 1004.5038, 960.5935
14.375, 1005.0225, 960.4935
13.75, 1005.54126, 960.39355
13.75, 1006.0605, 960.2936
13.75, 1006.5802, 960.1936
13.125, 1007.0999, 960.0936
12.5, 1007.6196, 959.99365
12.5, 1008.1403, 959.8937
11.875, 1008.661, 959.7937
11.875, 1009.1822, 959.6937
11.875, 1009.70337, 959.59375
11.25, 1010.22455, 959.4938
11.25, 1010.7457, 959.3938
11.25, 1011.26733, 959.2938
10.625, 1011.78894, 959.19385
10.625, 1012.31104, 959.0939
10.0, 1012.8331, 958.9939
9.375, 1013.3552, 958.8939
9.375, 1013.8788, 958.79395
8.75, 1014.40234, 958.694
8.125, 1014.9269, 958.594
7.5, 1015.4519, 958.494
7.5, 1015.9769, 958.39404
6.875, 1016.5024, 958.29407
6.25, 1017.02783, 958.1941
6.25, 1017.5538, 958.0941
5.625, 1018.0797, 957.99414
5.625, 1018.60614, 957.89417
5.0, 1019.13257, 957.7942
5.0, 1019.6595, 957.6942
4.375, 1020.1864, 957.59424
3.75, 1020.7138, 957.49426
3.75, 1021.2417, 957.3943
3.75, 1021.7696, 957.2943
3.125, 1022.298, 957.19434
2.5, 1022.82684, 957.09436
1.875, 1023.3557, 956.9944
1.875, 1023.885, 956.8944
1.25, 1024.4143, 956.79443
0.625, 1024.9446, 956.69446
0.625, 1025.4753, 956.5945
0.625, 1026.0061, 956.4945
0.625, 1026.5369, 956.39453
0.625, 1027.0676, 956.29456
0.625, 1027.5984, 956.1946
0.625, 1028.1292, 956.0946
0.625, 1028.6599, 955.9946
0.625, 1029.1907, 955.89465
0.625, 1029.7214, 955.7947
0.625, 1030.2522, 955.6947
0.625, 1030.783, 955.5947
0.625, 1031.3137, 955.49475
0.625, 1031.8445, 955.3948
0.625, 1032.3752, 955.2948
0.625, 1032.906, 955.1948
0.625, 1033.4368, 955.09485
0.625, 1033.9675, 954.9949
0.625, 1034.4983, 954.8949
0.625, 1035.029, 954.7949
0.625, 1035.5598, 954.69495
0.625, 1036.0906, 954.595
0.625, 1036.6213, 954.495
0.625, 1037.1521, 954.395
0.625, 1037.6829, 954.29504
0.625, 1038.2136, 954.19507
0.625, 1038.7444, 954.0951
0.625, 1039.2751, 953.9951
