0.0, 0.0, 914.31744
0.0, 0.3341346, 914.61743
0.0, 0.6682692, 914.9174
0.0, 1.0024039, 915.2174
0.0, 1.3365384, 915.5174
0.0, 1.670673, 915.8174
0.0, 2.0048077, 916.1174
0.0, 2.3389423, 916.41736
0.0, 2.6730769, 916.71735
0.0, 3.0072114, 917.01733
0.0, 3.341346, 917.3173
0.0, 3.6754806, 917.6173
0.0, 4.0096154, 917.9173
0.0, 4.34375, 918.2173
0.0, 4.6778846, 918.5173
0.0, 5.012019, 918.81726
0.0, 5.3461537, 919.11725
0.0, 5.6802883, 919.41724
0.0, 6.014423, 919.7172
0.0, 6.3485575, 920.0172
0.0, 6.682692, 920.3172
0.0, 7.0168266, 920.6172
0.0, 7.350961, 920.9172
0.0, 7.685096, 921.21716
0.0, 8.019231, 921.51715
0.0, 8.353366, 921.81714
0.0, 8.687501, 922.1171
0.0, 9.021636, 922.4171
0.0, 9.355771, 922.7171
0.0, 9.689906, 923.0171
0.0, 10.024041, 923.3171
0.0, 10.358176, 923.61707
0.0, 10.692311, 923.91705
0.0, 11.026446, 924.21704
0.0, 11.360581, 924.517
0.0, 11.694716, 924.817
0.0, 12.0288515, 925.117
0.0, 12.362987, 925.417
0.0, 12.697122, 925.717
0.0, 13.031257, 926.01697
0.0, 13.365392, 926.31696
0.0, 13.699527, 926.61694
0.0, 14.033662, 926.91693
0.0, 14.367797, 927.2169
0.0, 14.701932, 927.5169
0.0, 15.036067, 927.8169
0.0, 15.370202, 928.1169
0.0, 15.704337, 928.4169
0.0, 16.038471, 928.71686
0.0, 16.372606, 929.01685
0.0, 16.706741, 929.31683
0.0, 17.040876, 929.6168
0.0, 17.375011, 929.9168
0.0, 17.709146, 930.2168
0.0, 18.043282, 930.5168
0.0, 18.377417, 930.8168
0.0, 18.711552, 931.11676
0.0, 19.045687, 931.41675
0.0, 19.379822, 931.71674
0.0, 19.713957, 932.0167
0.0, 20.048092, 932.3167
0.0, 20.382227, 932.6167
0.0, 20.716362, 932.9167
0.0, 21.050497, 933.2167
0.0, 21.384632, 933.51666
0.0, 21.718767, 933.81665
0.0, 22.052902, 934.11664
0.0, 22.387037, 934.4166
0.0, 22.721172, 934.7166
0.0, 23.055307, 935.0166
0.0, 23.389442, 935.3166
0.0, 23.723577, 935.6166
0.0, 24.057713, 935.91656
0.0, 24.391848, 936.21655
0.0, 24.725983, 936.51654
0.0, 25.060118, 936.8165
0.0, 25.394253, 937.1165
0.0, 25.728388, 937.4165
0.0, 26.062523, 937.7165
0.0, 26.396658, 938.0165
0.0, 26.730793, 938.31647
0.625, 27.457716, 938.61646
1.25, 28.184639, 938.91644
1.25, 28.911081, 939.21643
1.875, 29.636562, 939.5164
1.875, 30.362043, 939.8164
2.5, 31.087044, 940.1164
3.125, 31.811563, 940.4164
3.125, 32.535603, 940.7164
3.125, 33.25916, 941.01636
3.75, 33.982716, 941.31635
3.75, 34.70579, 941.61633
3.75, 35.428387, 941.9163
4.375, 36.1505, 942.2163
5.0, 36.872135, 942.5163
5.0, 37.59329, 942.8163
5.625, 38.31396, 943.1163
5.625, 39.034153, 943.41626
6.25, 39.753384, 943.71625
6.25, 40.472134, 944.01624
6.875, 41.189922, 944.3162
6.875, 41.90723, 944.6162
7.5, 42.624058, 944.9162
7.5, 43.339924, 945.2162
8.125, 44.05531, 945.5162
8.75, 44.769253, 945.81616
8.75, 45.482235, 946.11615
9.375, 46.194256, 946.41614
9.375, 46.90531, 946.7161
10.0, 47.615406, 947.0161
10.0, 48.32454, 947.3161
10.625, 49.03319, 947.6161
10.625, 49.740883, 947.9161
11.25, 50.448093, 948.21606
11.875, 51.153862, 948.51605
11.875, 51.85867, 948.81604
11.875, 52.562515, 949.116
12.5, 53.2654, 949.416
12.5, 53.966843, 949.716
13.125, 54.667805, 950.016
13.125, 55.368286, 950.316
13.125, 56.068287, 950.61597
13.75, 56.766846, 950.91595
13.75, 57.464443, 951.21594
14.375, 58.16204, 951.5159
15.0, 58.857716, 951.8159
15.0, 59.551945, 952.1159
15.625, 60.245213, 952.4159
16.25, 60.93704, 952.7159
16.25, 61.627903, 953.01587
17.5, 62.317806, 953.31586
18.125, 63.004345, 953.61584
20.0, 63.68944, 953.91583
20.0, 64.36973, 954.2158
21.25, 65.04858, 954.5158
23.75, 65.72358, 954.8158
25.625, 66.39281, 955.1158
27.5, 67.05771, 955.4158
28.75, 67.718765, 955.71576
30.625, 68.37598, 956.01575
31.25, 69.02838, 956.31573
31.875, 69.679825, 956.6157
33.75, 70.328865, 956.9157
34.375, 70.97502, 957.2157
35.0, 71.619736, 957.5157
35.625, 72.26301, 957.8157
36.875, 72.90436, 958.11566
38.125, 73.54378, 958.41565
38.75, 74.181274, 958.71564
39.375, 74.81733, 959.0156
40.0, 75.45146, 959.3156
40.625, 76.08319, 959.6156
41.25, 76.71396, 959.9156
41.875, 77.34184, 960.2156
42.5, 77.968285, 960.51556
42.5, 78.592804, 960.81555
43.125, 79.21636, 961.11554
43.125, 79.83896, 961.4155
43.75, 80.460594, 961.7155
44.375, 81.08079, 962.0155
44.375, 81.70002, 962.3155
45.625, 82.31733, 962.6155
45.625, 82.9332, 962.91547
46.25, 83.5481, 963.21545
46.875, 84.16157, 963.51544
46.875, 84.77407, 963.8154
46.875, 85.38561, 964.1154
47.5, 85.997154, 964.4154
47.5, 86.607735, 964.7154
48.125, 87.217354, 965.0154
48.75, 87.826004, 965.31537
49.375, 88.43225, 965.61536
49.375, 89.03754, 965.91534
50.0, 89.64186, 966.21533
50.0, 90.245224, 966.5153
50.625, 90.847626, 966.8153
51.25, 91.447624, 967.1153
51.25, 92.04666, 967.4153
51.875, 92.64522, 967.7153
51.875, 93.24233, 968.01526
51.875, 93.83897, 968.31525
52.5, 94.43464, 968.61523
53.125, 95.02887, 968.9152
53.75, 95.62022, 969.2152
54.375, 96.20772, 969.5152
54.375, 96.7933, 969.8152
55.625, 97.377914, 970.1152
55.625, 97.95917, 970.41516
56.25, 98.53705, 970.71515
56.25, 99.11349, 971.01514
56.25, 99.689926, 971.3151
56.25, 100.266365, 971.6151
56.25, 100.838, 971.9151
57.5, 101.40963, 972.2151
57.5, 101.97021, 972.5151
57.5, 102.52838, 972.81506
57.5, 103.08415, 973.11505
57.5, 103.63752, 973.41504
57.5, 104.188965, 973.715
57.5, 104.73993, 974.015
57.5, 105.28897, 974.315
57.5, 105.83657, 974.615
57.5, 106.38272, 974.915
57.5, 106.92743, 975.21497
57.5, 107.47166, 975.51495
57.5, 108.01492, 975.81494
57.5, 108.55771, 976.1149
57.5, 109.09905, 976.4149
57.5, 109.63799, 976.7149
57.5, 110.17597, 977.0149
57.5, 110.71347, 977.3149
56.875, 111.25001, 977.61487
56.875, 111.78558, 977.91486
56.875, 112.3202, 978.21484
56.25, 112.85433, 978.51483
55.625, 113.387505, 978.8148
55.625, 113.92068, 979.1148
55.0, 114.45289, 979.4148
55.0, 114.9851, 979.7148
53.75, 115.51731, 980.0148
53.125, 116.04904, 980.31476
53.125, 116.58077, 980.61475
51.875, 117.1125, 980.91473
51.875, 117.64423, 981.2147
51.25, 118.175964, 981.5147
51.25, 118.707695, 981.8147
50.625, 119.239426, 982.1147
50.0, 119.77116, 982.4147
49.375, 120.30289, 982.71466
48.125, 120.8351, 983.01465
47.5, 121.36779, 983.31464
45.625, 121.90048, 983.6146
44.375, 122.434616, 983.9146
43.75, 122.96923, 984.2146
41.25, 123.503845, 984.5146
39.375, 124.0399, 984.8146
37.5, 124.57644, 985.11456
36.25, 125.11442, 985.41455
34.375, 125.65288, 985.71454
31.875, 126.1923, 986.0145
31.875, 126.73316, 986.3145
30.0, 127.274025, 986.6145
28.75, 127.81537, 986.9145
26.875, 128.35768, 987.2145
26.25, 128.90096, 987.51447
26.25, 129.4447, 987.81445
25.0, 129.98845, 988.11444
23.75, 130.53316, 988.4144
21.875, 131.07835, 988.7144
21.875, 131.62498, 989.0144
21.25, 132.17162, 989.3144
20.0, 132.71873, 989.6144
19.375, 133.26633, 989.91437
19.375, 133.8144, 990.21436
17.5, 134.36249, 990.51434
16.25, 134.91153, 990.81433
15.0, 135.46153, 991.1143
14.375, 136.0125, 991.4143
13.125, 136.56346, 991.7143
12.5, 137.11586, 992.0143
12.5, 137.66875, 992.3143
11.875, 138.22163, 992.61426
11.875, 138.77452, 992.91425
11.25, 139.32788, 993.21423
10.625, 139.88173, 993.5142
10.0, 140.43654, 993.8142
10.0, 140.99135, 994.1142
9.375, 141.54616, 994.4142
8.75, 142.10144, 994.7142
8.125, 142.65672, 995.01416
8.125, 143.21297, 995.31415
7.5, 143.76921, 995.61414
6.875, 144.32545, 995.9141
6.875, 144.88219, 996.2141
6.25, 145.43939, 996.5141
5.625, 145.9966, 996.8141
5.625, 146.55429, 997.1141
5.0, 147.11198, 997.41406
5.0, 147.67015, 997.71405
5.0, 148.22832, 998.01404
4.375, 148.78648, 998.314
4.375, 149.34514, 998.614
4.375, 149.9038, 998.914
4.375, 150.46245, 999.214
3.75, 151.0211, 999.514
3.75, 151.57976, 999.81396
3.75, 152.13889, 1000.11395
3.125, 152.69801, 1000.41394
3.125, 153.25714, 1000.7139
2.5, 153.81676, 1001.0139
2.5, 154.37685, 1001.3139
2.5, 154.93694, 1001.6139
1.875, 155.49702, 1001.9139
1.875, 156.0576, 1002.21387
1.25, 156.61818, 1002.51385
1.25, 157.17923, 1002.81384
0.625, 157.74028, 1003.11383
0.625, 158.30133, 1003.4138
0.0, 158.86287, 1003.7138
0.0, 159.42441, 1004.0138
0.0, 159.98642, 1004.3138
0.0, 160.54843, 1004.6138
0.0, 161.11044, 1004.91376
0.0, 161.67245, 1005.21375
0.0, 162.23447, 1005.51373
0.0, 162.79648, 1005.8137
0.0, 163.35849, 1006.1137
0.0, 163.9205, 1006.4137
0.0, 164.48251, 1006.7137
0.0, 165.04453, 1007.0137
0.0, 165.60654, 1007.31366
0.0, 166.16855, 1007.61365
0.0, 166.73056, 1007.91364
0.0, 167.29257, 1008.2136
0.0, 167.85458, 1008.5136
0.0, 168.4166, 1008.8136
0.0, 168.9786, 1009.1136
0.0, 169.54062, 1009.4136
0.0, 170.10263, 1009.71356
0.0, 170.66464, 1010.01355
0.0, 171.22665, 1010.31354
0.0, 171.78867, 1010.6135
0.0, 172.35068, 1010.9135
0.0, 172.91269, 1011.2135
0.0, 173.4747, 1011.5135
0.0, 174.03671, 1011.8135
0.0, 174.59872, 1012.11346
0.0, 175.16074, 1012.41345
0.0, 175.72275, 1012.71344
0.0, 176.28476, 1013.0134
0.0, 176.84677, 1013.3134
0.0, 177.40878, 1013.6134
0.0, 177.9708, 1013.9134
0.0, 178.5328, 1014.2134
0.0, 179.09482, 1014.51337
0.0, 179.65683, 1014.81335
0.0, 180.21884, 1015.11334
0.0, 180.78085, 1015.4133
0.0, 181.34286, 1015.7133
0.0, 181.90488, 1016.0133
0.0, 182.46689, 1016.3133
0.0, 183.0289, 1016.6133
0.0, 183.59091, 1016.91327
0.0, 184.15292, 1017.21326
0.0, 184.71494, 1017.51324
0.0, 185.27695, 1017.81323
0.0, 185.83896, 1018.1132
0.0, 186.40097, 1018.4132
0.0, 186.96298, 1018.7132
0.0, 187.525, 1019.0132
0.0, 188.087, 1019.3132
0.0, 188.64902, 1019.61316
0.0, 189.21103, 1019.91315
0.0, 189.77304, 1020.21313
0.0, 190.33505, 1020.5131
0.0, 190.89706, 1020.8131
0.0, 191.45908, 1021.1131
0.0, 192.02109, 1021.4131
0.0, 192.5831, 1021.7131
0.0, 193.14511, 1022.01306
0.0, 193.70712, 1022.31305
0.0, 194.26913, 1022.61304
0.0, 194.83115, 1022.913
0.0, 195.39316, 1023.213
0.0, 195.95517, 1023.513
0.0, 196.51718, 1023.813
0.0, 197.0792, 1024.113
0.0, 197.6412, 1024.4131
0.0, 198.20322, 1024.7131
0.0, 198.76523, 1025.0132
0.0, 199.32724, 1025.3132
0.625, 199.96281, 1025.6133
1.25, 200.59839, 1025.9133
1.875, 201.23396, 1026.2134
2.5, 201.86954, 1026.5134
2.5, 202.50511, 1026.8135
3.125, 203.14069, 1027.1135
3.75, 203.77626, 1027.4136
3.75, 204.41183, 1027.7136
4.375, 205.04741, 1028.0137
5.0, 205.68298, 1028.3137
5.0, 206.31856, 1028.6138
5.0, 206.95413, 1028.9138
6.25, 207.5897, 1029.2139
6.25, 208.22528, 1029.5139
6.25, 208.86086, 1029.814
6.875, 209.49596, 1030.114
6.875, 210.13106, 1030.4141
6.875, 210.76616, 1030.7141
6.875, 211.40126, 1031.0142
7.5, 212.03587, 1031.3142
7.5, 212.67049, 1031.6143
7.5, 213.3051, 1031.9143
7.5, 213.93924, 1032.2144
7.5, 214.57338, 1032.5144
7.5, 215.20752, 1032.8145
7.5, 215.84117, 1033.1145
7.5, 216.47482, 1033.4146
7.5, 217.10751, 1033.7146
7.5, 217.73877, 1034.0146
7.5, 218.36954, 1034.3147
7.5, 218.99791, 1034.6147
7.5, 219.6258, 1034.9148
7.5, 220.25224, 1035.2148
7.5, 220.87773, 1035.5149
6.875, 221.50224, 1035.815
6.875, 222.12628, 1036.115
6.25, 222.75032, 1036.415
6.25, 223.37387, 1036.7151
5.625, 223.99695, 1037.0151
5.625, 224.62003, 1037.3152
5.0, 225.24261, 1037.6152
5.0, 225.86473, 1037.9153
3.75, 226.48685, 1038.2153
3.125, 227.10847, 1038.5154
3.125, 227.7301, 1038.8154
3.125, 228.35173, 1039.1155
3.125, 228.97336, 1039.4155
3.125, 229.59499, 1039.7156
3.125, 230.21661, 1040.0156
3.125, 230.83824, 1040.3157
3.125, 231.45987, 1040.6157
3.125, 232.0815, 1040.9158
3.125, 232.70312, 1041.2158
3.125, 233.32475, 1041.5159
3.125, 233.94638, 1041.8159
3.125, 234.56801, 1042.116
3.125, 235.18964, 1042.416
3.125, 235.81126, 1042.7161
3.125, 236.43289, 1043.0161
3.125, 237.05452, 1043.3162
3.125, 237.67615, 1043.6162
3.125, 238.29778, 1043.9163
3.125, 238.9194, 1044.2163
3.125, 239.54103, 1044.5164
3.125, 240.16266, 1044.8164
3.125, 240.78429, 1045.1165
3.125, 241.40591, 1045.4165
3.125, 242.02754, 1045.7166
3.125, 242.64917, 1046.0166
3.125, 243.2708, 1046.3167
3.125, 243.89243, 1046.6167
3.125, 244.51405, 1046.9167
3.125, 245.13568, 1047.2168
3.125, 245.75731, 1047.5168
3.125, 246.37894, 1047.8169
3.125, 247.00056, 1048.117
3.125, 247.6222, 1048.417
3.125, 248.24382, 1048.717
3.125, 248.86545, 1049.0171
3.125, 249.48708, 1049.3171
3.125, 250.1087, 1049.6172
3.125, 250.73033, 1049.9172
3.125, 251.35196, 1050.2173
3.125, 251.97359, 1050.5173
3.125, 252.59521, 1050.8174
2.5, 253.21684, 1051.1174
2.5, 253.83847, 1051.4175
1.25, 254.4601, 1051.7175
0.625, 255.08125, 1052.0176
0.625, 255.70192, 1052.3176
0.625, 256.3226, 1052.6177
0.625, 256.94278, 1052.9177
0.625, 257.56296, 1053.2178
0.625, 258.18314, 1053.5178
0.625, 258.8033, 1053.8179
0.625, 259.4235, 1054.1179
0.625, 260.0432, 1054.418
1.25, 260.66293, 1054.718
3.75, 261.28168, 1055.0181
13.75, 261.898, 1055.3181
17.5, 262.5057, 1055.6182
20.0, 263.11148, 1055.9182
24.375, 263.71628, 1056.2183
24.375, 264.3187, 1056.5183
25.625, 264.9211, 1056.8184
25.625, 265.52353, 1057.1184
25.625, 266.12497, 1057.4185
25.625, 266.7264, 1057.7185
24.375, 267.32736, 1058.0186
21.875, 267.92786, 1058.3186
16.875, 268.52786, 1058.6187
16.875, 269.12643, 1058.9187
5.625, 269.725, 1059.2188
5.625, 270.32068, 1059.5188
1.875, 270.91635, 1059.8188
1.875, 271.51154, 1060.1189
1.875, 272.10672, 1060.419
1.875, 272.7019, 1060.719
1.875, 273.2971, 1061.019
1.875, 273.89227, 1061.3191
1.875, 274.48746, 1061.6191
1.875, 275.08264, 1061.9192
1.875, 275.67783, 1062.2192
1.875, 276.273, 1062.5193
2.5, 276.8682, 1062.8193
6.25, 277.45618, 1063.1194
11.25, 278.04126, 1063.4194
15.625, 278.62396, 1063.7195
15.625, 279.20377, 1064.0195
18.75, 279.78357, 1064.3196
20.625, 280.36145, 1064.6196
20.625, 280.9374, 1064.9197
21.875, 281.51337, 1065.2197
21.875, 282.0879, 1065.5198
23.75, 282.66193, 1065.8198
24.375, 283.23355, 1066.1199
24.375, 283.80423, 1066.4199
25.0, 284.37442, 1066.72
25.0, 284.94412, 1067.02
25.0, 285.51337, 1067.3201
25.0, 286.08212, 1067.6201
25.0, 286.6504, 1067.9202
23.125, 287.21817, 1068.2202
22.5, 287.7855, 1068.5203
14.375, 288.3528, 1068.8203
12.5, 288.92014, 1069.1204
3.125, 289.48746, 1069.4204
3.125, 290.05478, 1069.7205
3.125, 290.6221, 1070.0205
3.125, 291.18942, 1070.3206
3.125, 291.75674, 1070.6206
3.125, 292.32407, 1070.9207
3.125, 292.8914, 1071.2207
3.125, 293.4587, 1071.5208
3.125, 294.02603, 1071.8208
3.125, 294.59335, 1072.1208
3.125, 295.16068, 1072.4209
3.125, 295.728, 1072.721
3.125, 296.29532, 1073.021
3.125, 296.86264, 1073.321
3.125, 297.42996, 1073.6211
3.125, 297.99728, 1073.9211
3.125, 298.5646, 1074.2212
3.125, 299.13193, 1074.5212
3.125, 299.69925, 1074.8213
3.125, 300.26657, 1075.1213
3.125, 300.8339, 1075.4214
3.125, 301.4012, 1075.7214
8.125, 301.96854, 1076.0215
11.875, 302.5267, 1076.3215
25.625, 303.08344, 1076.6216
30.0, 303.6349, 1076.9216
33.125, 304.18488, 1077.2217
35.0, 304.73392, 1077.5217
36.25, 305.28198, 1077.8218
38.125, 305.8296, 1078.1218
38.75, 306.3767, 1078.4219
40.0, 306.92334, 1078.7219
40.0, 307.46948, 1079.022
40.625, 308.01562, 1079.322
40.625, 308.56177, 1079.6221
40.625, 309.1079, 1079.9221
40.625, 309.65405, 1080.2222
40.625, 310.2002, 1080.5222
40.625, 310.74634, 1080.8223
40.0, 311.29248, 1081.1223
38.75, 311.83862, 1081.4224
27.5, 312.38477, 1081.7224
27.5, 312.9309, 1082.0225
4.375, 313.47705, 1082.3225
4.375, 314.0232, 1082.6226
4.375, 314.56934, 1082.9226
4.375, 315.11548, 1083.2227
4.375, 315.66162, 1083.5227
4.375, 316.20776, 1083.8228
4.375, 316.7539, 1084.1228
4.375, 317.30005, 1084.4229
4.375, 317.8462, 1084.7229
4.375, 318.39233, 1085.023
4.375, 318.93848, 1085.323
4.375, 319.48462, 1085.623
4.375, 320.03076, 1085.9231
4.375, 320.5769, 1086.2231
4.375, 321.12305, 1086.5232
4.375, 321.6692, 1086.8232
4.375, 322.21533, 1087.1233
9.375, 322.76147, 1087.4233
41.25, 323.30716, 1087.7234
44.375, 323.84467, 1088.0234
55.625, 324.38074, 1088.3235
62.5, 324.91248, 1088.6235
63.125, 325.44037, 1088.9236
64.375, 325.96777, 1089.2236
64.375, 326.4942, 1089.5237
63.75, 327.02063, 1089.8237
60.625, 327.5466, 1090.1238
52.5, 328.07257, 1090.4238
30.0, 328.59854, 1090.7239
14.375, 329.12546, 1091.0239
6.25, 329.6543, 1091.324
0.625, 330.18506, 1091.624
0.625, 330.7168, 1091.9241
0.625, 331.24854, 1092.2241
0.625, 331.78027, 1092.5242
0.625, 332.312, 1092.8242
0.625, 332.84375, 1093.1243
0.625, 333.3755, 1093.4243
0.625, 333.90723, 1093.7244
0.625, 334.43896, 1094.0244
0.625, 334.9707, 1094.3245
0.625, 335.50244, 1094.6245
0.625, 336.03418, 1094.9246
0.625, 336.56592, 1095.2246
0.625, 337.09766, 1095.5247
0.625, 337.6294, 1095.8247
0.625, 338.16113, 1096.1248
0.625, 338.69287, 1096.4248
0.625, 339.2246, 1096.7249
0.625, 339.75635, 1097.0249
0.625, 340.2881, 1097.325
0.625, 340.81982, 1097.625
0.625, 341.35156, 1097.925
0.625, 341.8833, 1098.2251
0.625, 342.41504, 1098.5251
0.625, 342.94678, 1098.8252
8.75, 343.47852, 1099.1252
20.0, 344.00928, 1099.4253
42.5, 344.5357, 1099.7253
50.625, 345.05157, 1100.0254
53.75, 345.5631, 1100.3254
54.375, 346.07224, 1100.6255
46.875, 346.57993, 1100.9255
40.0, 347.08713, 1101.2256
22.5, 347.59433, 1101.5256
1.25, 348.10153, 1101.8257
1.25, 348.6097, 1102.1257
1.25, 349.1179, 1102.4258
1.25, 349.62607, 1102.7258
1.25, 350.13425, 1103.0259
1.25, 350.64243, 1103.3259
1.25, 351.1506, 1103.626
1.25, 351.65878, 1103.926
1.25, 352.16696, 1104.2261
1.25, 352.67514, 1104.5261
9.375, 353.18332, 1104.8262
18.125, 353.6987, 1105.1262
21.875, 354.21313, 1105.4263
21.875, 354.72708, 1105.7263
19.375, 355.24103, 1106.0264
19.375, 355.75497, 1106.3264
19.375, 356.26892, 1106.6265
19.375, 356.78287, 1106.9265
19.375, 357.2968, 1107.2266
19.375, 357.81076, 1107.5266
19.375, 358.3247, 1107.8267
19.375, 358.83865, 1108.1267
19.375, 359.3526, 1108.4268
19.375, 359.86655, 1108.7268
20.0, 360.3805, 1109.0269
29.375, 360.88577, 1109.3269
36.25, 361.38675, 1109.627
38.75, 361.88434, 1109.927
38.75, 362.3805, 1110.227
36.875, 362.87665, 1110.5271
28.75, 363.3728, 1110.8271
18.75, 363.86945, 1111.1272
10.0, 364.368, 1111.4272
7.5, 364.869, 1111.7273
3.75, 365.37042, 1112.0273
3.75, 365.87283, 1112.3274
3.75, 366.37573, 1112.6274
8.75, 366.8791, 1112.9275
15.625, 367.38293, 1113.2275
38.75, 367.88776, 1113.5276
46.875, 368.39258, 1113.8276
57.5, 368.8974, 1114.1277
60.625, 369.39932, 1114.4277
61.25, 369.8998, 1114.7278
58.125, 370.3998, 1115.0278
43.75, 370.89932, 1115.3279
25.0, 371.39883, 1115.6279
11.25, 371.8998, 1115.928
11.25, 372.40317, 1116.228
11.25, 372.90652, 1116.5281
11.25, 373.40988, 1116.8281
11.25, 373.91324, 1117.1282
11.25, 374.4166, 1117.4282
11.25, 374.91995, 1117.7283
11.875, 375.4233, 1118.0283
37.5, 375.9305, 1118.3284
55.625, 376.43387, 1118.6284
69.375, 376.93484, 1118.9285
78.125, 377.43436, 1119.2285
77.5, 377.93292, 1119.5286
53.125, 378.43195, 1119.8286
27.5, 378.9406, 1120.1287
1.875, 379.45456, 1120.4287
1.875, 379.97137, 1120.7288
1.875, 380.4882, 1121.0288
1.875, 381.005, 1121.3289
1.875, 381.52182, 1121.6289
1.875, 382.03864, 1121.929
1.875, 382.55545, 1122.229
1.875, 383.07227, 1122.529
3.75, 383.58908, 1122.8291
16.25, 384.0881, 1123.1292
43.75, 384.59387, 1123.4292
57.5, 385.11984, 1123.7292
64.375, 385.66263, 1124.0293
65.0, 386.21838, 1124.3293
60.0, 386.78473, 1124.6294
55.0, 387.35925, 1124.9294
40.625, 387.9357, 1125.2295
16.25, 388.515, 1125.5295
3.125, 389.09433, 1125.8296
0.625, 389.66885, 1126.1296
0.625, 390.24146, 1126.4297
0.625, 390.81406, 1126.7297
0.625, 391.38666, 1127.0298
0.625, 391.95926, 1127.3298
5.625, 392.53186, 1127.6299
16.25, 393.07562, 1127.9299
79.375, 393.6189, 1128.23
79.375, 394.16312, 1128.53
79.375, 394.70734, 1128.8301
79.375, 395.25156, 1129.1301
79.375, 395.79578, 1129.4302
79.375, 396.34, 1129.7302
79.375, 396.88422, 1130.0303
79.375, 397.42844, 1130.3303
79.375, 397.97266, 1130.6304
79.375, 398.51688, 1130.9304
79.375, 399.0611, 1131.2305
95.0, 399.60532, 1131.5305
70.625, 400.31638, 1131.8306
42.5, 401.02023, 1132.1306
20.0, 401.69907, 1132.4307
4.375, 402.34137, 1132.7307
4.375, 402.93896, 1133.0308
1.875, 403.53656, 1133.3308
11.25, 404.08368, 1133.6309
36.25, 404.61734, 1133.9309
49.375, 405.13416, 1134.231
106.875, 405.64618, 1134.531
106.875, 406.1486, 1134.831
106.875, 406.651, 1135.1311
106.875, 407.1534, 1135.4312
106.875, 407.65582, 1135.7312
106.875, 408.15823, 1136.0312
106.875, 408.66064, 1136.3313
123.125, 409.16306, 1136.6313
45.0, 409.72314, 1136.9314
11.875, 410.3068, 1137.2314
11.875, 410.89236, 1137.5315
11.875, 411.47794, 1137.8315
11.875, 412.0635, 1138.1316
11.875, 412.64908, 1138.4316
11.875, 413.23465, 1138.7317
11.875, 413.82022, 1139.0317
11.875, 414.4058, 1139.3318
11.875, 414.99136, 1139.6318
11.875, 415.57693, 1139.9319
11.875, 416.1625, 1140.2319
3.75, 416.74808, 1140.532
11.25, 417.30865, 1140.832
13.75, 417.9024, 1141.1321
13.75, 418.5197, 1141.4321
13.75, 419.15048, 1141.7322
13.75, 419.79184, 1142.0322
13.75, 420.43414, 1142.3323
13.75, 421.07645, 1142.6323
16.875, 421.71875, 1142.9324
26.25, 422.3202, 1143.2324
26.25, 422.8404, 1143.5325
37.5, 423.3606, 1143.8325
52.5, 423.82068, 1144.1326
57.5, 424.22885, 1144.4326
58.125, 424.63028, 1144.7327
60.0, 425.03076, 1145.0327
61.25, 425.43076, 1145.3328
61.25, 425.83798, 1145.6328
61.25, 426.25626, 1145.9329
61.25, 426.70435, 1146.2329
56.875, 427.16876, 1146.533
55.625, 427.64856, 1146.833
54.375, 428.13077, 1147.133
53.75, 428.61346, 1147.4331
48.75, 429.09616, 1147.7332
39.375, 429.56348, 1148.0332
38.75, 429.975, 1148.3333
36.875, 430.37692, 1148.6333
36.875, 430.7596, 1148.9333
36.875, 431.11346, 1149.2334
36.875, 431.45337, 1149.5334
37.5, 431.79184, 1149.8335
38.125, 432.1303, 1150.1335
38.125, 432.4784, 1150.4336
40.0, 432.8505, 1150.7336
43.75, 433.2505, 1151.0337
48.125, 433.74182, 1151.3337
50.0, 434.30096, 1151.6338
56.875, 434.86972, 1151.9338
58.75, 435.47214, 1152.2339
58.75, 436.08463, 1152.5339
58.75, 436.6976, 1152.834
58.75, 437.31107, 1153.134
58.75, 437.92453, 1153.4341
56.875, 438.50146, 1153.7341
56.875, 439.00674, 1154.0342
56.875, 439.44568, 1154.3342
56.875, 439.83078, 1154.6343
59.375, 440.1904, 1154.9343
60.625, 440.52213, 1155.2344
61.25, 440.8452, 1155.5344
61.875, 441.16782, 1155.8345
63.75, 441.48993, 1156.1345
65.625, 441.83078, 1156.4346
73.125, 442.19376, 1156.7346
74.375, 442.6904, 1157.0347
74.375, 443.30386, 1157.3347
74.375, 443.98944, 1157.6348
74.375, 444.6832, 1157.9348
74.375, 445.40195, 1158.2349
74.375, 446.12598, 1158.5349
74.375, 446.85483, 1158.835
74.375, 447.58368, 1159.135
68.75, 448.30292, 1159.435
61.25, 448.9702, 1159.7351
61.25, 449.54184, 1160.0352
61.25, 450.038, 1160.3352
61.25, 450.48126, 1160.6353
61.25, 450.90674, 1160.9353
61.25, 451.31732, 1161.2354
61.875, 451.72357, 1161.5354
62.5, 452.12933, 1161.8354
64.375, 452.5351, 1162.1355
66.25, 452.96057, 1162.4355
69.375, 453.5024, 1162.7356
69.375, 454.1779, 1163.0356
69.375, 454.9178, 1163.3357
69.375, 455.65768, 1163.6357
69.375, 456.39758, 1163.9358
69.375, 457.13748, 1164.2358
69.375, 457.87738, 1164.5359
60.0, 458.61728, 1164.8359
43.125, 459.30237, 1165.136
35.625, 459.89902, 1165.436
28.75, 460.4442, 1165.7361
28.75, 460.91394, 1166.0361
28.75, 461.29807, 1166.3362
28.75, 461.6601, 1166.6362
29.375, 462.00818, 1166.9363
30.0, 462.35193, 1167.2363
30.625, 462.6952, 1167.5364
31.25, 463.03845, 1167.8364
36.875, 463.3851, 1168.1365
39.375, 463.80338, 1168.4365
51.25, 464.27356, 1168.7366
59.375, 464.8918, 1169.0366
66.875, 465.562, 1169.3367
71.875, 466.28366, 1169.6367
73.125, 467.02838, 1169.9368
73.125, 467.77838, 1170.2368
73.125, 468.52838, 1170.5369
58.125, 469.2774, 1170.8369
52.5, 469.98364, 1171.137
46.875, 470.66202, 1171.437
36.25, 471.313, 1171.737
36.25, 471.86298, 1172.0371
36.25, 472.3745, 1172.3372
36.25, 472.84903, 1172.6372
37.5, 473.30865, 1172.9373
38.75, 473.75385, 1173.2373
39.375, 474.1981, 1173.5374
41.875, 474.64185, 1173.8374
43.75, 475.10724, 1174.1375
50.0, 475.5952, 1174.4375
61.25, 476.1577, 1174.7375
66.25, 476.825, 1175.0376
71.25, 477.53366, 1175.3376
71.25, 478.28223, 1175.6377
71.25, 479.0308, 1175.9377
71.25, 479.77936, 1176.2378
71.25, 480.52792, 1176.5378
71.25, 481.2765, 1176.8379
73.75, 482.02505, 1177.138
73.75, 482.7409, 1177.438
73.75, 483.43176, 1177.738
75.625, 484.04138, 1178.0381
91.875, 484.5808, 1178.3381
107.5, 485.03513, 1178.6382
111.25, 485.4332, 1178.9382
115.0, 485.8178, 1179.2383
117.5, 486.1832, 1179.5383
117.5, 486.53656, 1179.8384
117.5, 486.888, 1180.1384
117.5, 487.23752, 1180.4385
117.5, 487.5861, 1180.7385
117.5, 487.93417, 1181.0386
117.5, 488.28226, 1181.3386
117.5, 488.63034, 1181.6387
117.5, 488.97842, 1181.9387
117.5, 489.327, 1182.2388
118.75, 489.67557, 1182.5388
118.75, 490.0347, 1182.8389
120.625, 490.4169, 1183.1389
121.875, 490.8347, 1183.439
121.875, 491.31833, 1183.739
121.875, 491.80487, 1184.0391
121.875, 492.3092, 1184.3391
121.875, 492.82074, 1184.6392
121.875, 493.33948, 1184.9392
123.75, 493.86353, 1185.2393
123.75, 494.4092, 1185.5393
123.75, 494.9645, 1185.8394
123.75, 495.52942, 1186.1394
123.75, 496.0996, 1186.4395
123.75, 496.6722, 1186.7395
122.5, 497.2448, 1187.2395
121.875, 497.8323, 1187.7395
121.25, 498.42557, 1188.2395
119.375, 499.0323, 1188.7395
119.375, 499.65103, 1189.2395
118.75, 500.27267, 1189.7395
118.125, 500.89865, 1190.2395
118.125, 501.52606, 1190.7395
118.125, 502.15442, 1191.2395
118.125, 502.78424, 1191.7395
118.125, 503.41837, 1192.2395
118.125, 504.05396, 1192.7395
118.125, 504.69385, 1193.2395
118.125, 505.34625, 1193.7395
116.875, 506.00827, 1194.2395
116.25, 506.68182, 1194.7395
116.25, 507.3597, 1195.2395
115.625, 508.04337, 1195.7395
115.625, 508.73184, 1196.2395
115.625, 509.4227, 1196.7395
115.625, 510.1174, 1197.2395
115.625, 510.8145, 1197.7395
115.625, 511.52222, 1198.2395
115.625, 512.23517, 1198.7395
115.625, 512.95197, 1199.2395
115.625, 513.66876, 1199.7395
113.75, 514.38556, 1200.2395
98.75, 515.0976, 1200.7395
91.875, 515.7774, 1201.2395
76.875, 516.44183, 1201.7395
65.625, 517.06635, 1202.2395
55.0, 517.6553, 1202.7395
53.75, 518.20575, 1203.2395
50.625, 518.7519, 1203.7395
48.125, 519.2875, 1204.2395
47.5, 519.8139, 1204.7395
46.25, 520.33844, 1205.2395
44.375, 520.8572, 1205.7395
43.75, 521.3644, 1206.2395
43.125, 521.8639, 1206.7395
43.125, 522.3552, 1207.2395
43.125, 522.83936, 1207.7395
43.125, 523.3139, 1208.2395
43.75, 523.77783, 1208.7395
46.25, 524.2173, 1209.2395
50.625, 524.6466, 1209.7395
58.75, 525.0567, 1210.2395
60.625, 525.4418, 1210.7395
61.875, 525.8168, 1211.2395
62.5, 526.1821, 1211.7395
63.75, 526.5432, 1212.2395
65.0, 526.8923, 1212.7395
65.0, 527.23267, 1213.2395
65.0, 527.5716, 1213.7395
65.625, 527.9091, 1214.2395
65.625, 528.24615, 1214.7395
65.625, 528.5832, 1215.2395
65.625, 528.9202, 1215.7395
65.625, 529.25726, 1216.2395
65.625, 529.5948, 1216.7395
66.25, 529.9332, 1217.2395
68.125, 530.27264, 1217.7395
70.0, 530.6207, 1218.2395
80.0, 530.9741, 1218.7395
87.5, 531.3645, 1219.2395
95.625, 531.7876, 1219.7395
96.875, 532.2756, 1220.2395
105.0, 532.7717, 1220.7395
105.625, 533.3217, 1221.2395
110.625, 533.8799, 1221.7395
115.0, 534.47314, 1222.2395
117.5, 535.0866, 1222.7395
119.375, 535.7126, 1223.2395
122.5, 536.3448, 1223.7395
123.75, 536.98517, 1224.2395
123.75, 537.6304, 1224.7395
123.75, 538.2756, 1225.2395
123.75, 538.9208, 1225.7395
123.75, 539.566, 1226.2395
123.75, 540.2112, 1226.7395
123.75, 540.8564, 1227.2395
123.75, 541.5016, 1227.7395
123.75, 542.1468, 1228.2395
123.75, 542.792, 1228.7395
123.75, 543.4372, 1229.2395
123.75, 544.0824, 1229.7395
123.75, 544.7276, 1230.2395
123.75, 545.3728, 1230.7395
123.75, 546.018, 1231.2395
123.75, 546.6632, 1231.7395
123.75, 547.3084, 1232.2395
123.75, 547.9536, 1232.7395
123.75, 548.5988, 1233.2395
123.75, 549.244, 1233.7395
123.75, 549.8892, 1234.2395
123.75, 550.5344, 1234.7395
123.75, 551.1796, 1235.2395
123.75, 551.8248, 1235.7395
121.875, 552.47003, 1236.2395
120.0, 553.1667, 1236.7395
115.0, 553.86, 1237.2395
111.25, 554.54364, 1237.7395
103.75, 555.2206, 1238.4395
98.125, 555.872, 1239.1394
93.125, 556.5042, 1239.8394
90.0, 557.11334, 1240.5393
86.875, 557.7095, 1241.2393
83.75, 558.2907, 1241.9392
83.125, 558.85706, 1242.6392
81.875, 559.4085, 1243.3391
80.625, 559.94507, 1244.0391
80.625, 560.47345, 1244.739
80.625, 560.98883, 1245.439
80.625, 561.4994, 1246.1389
80.625, 562.0047, 1246.8389
80.625, 562.50757, 1247.5388
80.625, 563.00323, 1248.2388
80.625, 563.4855, 1248.9387
80.625, 563.9576, 1249.6387
80.625, 564.4201, 1250.3386
80.625, 564.87634, 1251.0386
80.625, 565.322, 1251.7385
80.625, 565.75616, 1252.4385
82.5, 566.18787, 1253.1384
83.125, 566.6119, 1253.8384
83.125, 567.0263, 1254.5383
83.75, 567.4388, 1255.2383
84.375, 567.8465, 1255.9382
84.375, 568.24457, 1256.6382
85.0, 568.6393, 1257.3381
85.625, 569.02484, 1258.0381
85.625, 569.4095, 1258.738
85.625, 569.7922, 1259.438
86.25, 570.17004, 1260.138
86.25, 570.54456, 1260.8379
86.25, 570.9152, 1261.5378
86.25, 571.2792, 1262.2378
86.25, 571.6398, 1263.1378
86.875, 571.9989, 1264.0378
86.875, 572.3518, 1264.9379
86.875, 572.7023, 1266.0378
87.5, 573.048, 1267.1378
88.75, 573.38837, 1268.4379
88.75, 573.7201, 1269.9379
89.375, 574.04895, 1271.4379
89.375, 574.37585, 1273.1378
90.0, 574.70135, 1274.8378
90.0, 575.02155, 1276.7378
90.625, 575.33887, 1278.6378
90.625, 575.6547, 1280.5378
90.625, 575.9701, 1282.6378
90.625, 576.28546, 1284.7378
91.25, 576.6008, 1287.0378
93.75, 576.91766, 1289.5378
95.0, 577.2749, 1292.0378
96.875, 577.6499, 1294.5378
96.875, 578.0792, 1297.0378
96.875, 578.54175, 1299.5378
96.875, 579.02155, 1302.0378
97.5, 579.51624, 1304.5378
100.0, 580.02057, 1307.0378
100.625, 580.5369, 1309.5378
103.125, 581.05615, 1312.0378
108.75, 581.58594, 1314.5378
109.375, 582.14557, 1317.0378
111.25, 582.70905, 1319.5378
112.5, 583.28455, 1322.0378
112.5, 583.8716, 1324.5378
112.5, 584.4663, 1327.0378
113.125, 585.0644, 1329.5378
115.0, 585.67206, 1332.0378
115.625, 586.29755, 1334.5378
116.25, 586.9288, 1337.0378
117.5, 587.5706, 1339.5378
117.5, 588.2177, 1342.0378
117.5, 588.86725, 1344.5378
117.5, 589.5259, 1347.0378
117.5, 590.18744, 1349.5378
117.5, 590.8567, 1352.0378
117.5, 591.52783, 1354.5378
117.5, 592.20184, 1357.0378
117.5, 592.8788, 1359.5378
117.5, 593.5629, 1362.0378
118.125, 594.2504, 1364.5378
118.125, 594.9581, 1367.0378
118.125, 595.6682, 1369.5378
118.125, 596.38983, 1372.0378
118.125, 597.1148, 1374.5378
116.875, 597.8427, 1377.0378
116.875, 598.572, 1379.5378
115.0, 599.30133, 1382.0378
110.0, 600.03015, 1384.5378
93.125, 600.75085, 1387.0378
70.625, 601.4412, 1389.5378
55.0, 602.072, 1392.0378
40.625, 602.6489, 1394.5378
34.375, 603.1581, 1397.0378
29.375, 603.6292, 1399.5378
28.125, 604.0422, 1402.0378
28.125, 604.4422, 1404.5378
26.875, 604.82056, 1407.0378
26.875, 605.18066, 1409.5378
26.25, 605.5321, 1412.0378
26.25, 605.8787, 1414.5378
26.25, 606.22296, 1417.0378
26.25, 606.56476, 1419.5378
26.25, 606.9027, 1422.0378
26.25, 607.2368, 1424.5378
26.25, 607.56616, 1427.0378
26.875, 607.89355, 1429.5378
26.875, 608.2166, 1432.0378
27.5, 608.5368, 1434.5378
27.5, 608.85315, 1437.0378
27.5, 609.1685, 1439.5378
28.125, 609.482, 1442.0378
28.75, 609.7935, 1444.5378
30.0, 610.1007, 1447.0378
31.875, 610.4017, 1449.5378
33.125, 610.6978, 1452.0378
36.25, 610.9916, 1454.5378
40.0, 611.282, 1457.0378
48.75, 611.56903, 1459.5378
51.25, 611.85126, 1462.0378
57.5, 612.1325, 1464.5378
63.75, 612.4118, 1467.0378
72.5, 612.6897, 1469.5378
76.875, 612.96564, 1472.0378
84.375, 613.2411, 1474.5378
85.625, 613.51514, 1477.0378
88.75, 613.7892, 1479.5378
90.0, 614.06274, 1482.0378
90.0, 614.3358, 1484.5378
90.625, 614.6089, 1487.0378
91.25, 614.88196, 1489.5378
91.875, 615.155, 1492.0378
93.125, 615.4286, 1494.5378
95.625, 615.70215, 1497.0378
98.125, 615.9772, 1499.5378
100.625, 616.2526, 1502.0378
101.875, 616.52905, 1504.5378
103.125, 616.80597, 1507.0378
104.375, 617.08386, 1509.5378
104.375, 617.36273, 1512.0378
104.375, 617.643, 1514.5378
97.5, 617.93097, 1517.0378
91.875, 618.2324, 1519.5378
85.0, 618.5401, 1522.0378
79.375, 618.8531, 1524.5378
73.75, 619.1704, 1527.0378
68.125, 619.4896, 1529.5378
60.625, 619.8103, 1532.0378
58.75, 620.1329, 1534.5378
55.0, 620.45593, 1537.0378
51.25, 620.779, 1539.5378
46.25, 621.10205, 1542.0378
42.5, 621.4251, 1544.5378
41.25, 621.74817, 1547.0378
37.5, 622.0712, 1549.5378
36.875, 622.3943, 1552.0378
34.375, 622.71735, 1554.5378
32.5, 623.0404, 1557.0378
31.875, 623.36255, 1559.5378
30.625, 623.6842, 1562.0378
30.625, 624.00586, 1564.5378
30.625, 624.32654, 1567.0378
30.625, 624.6472, 1569.5378
30.625, 624.9674, 1572.0378
30.625, 625.2871, 1574.5378
31.25, 625.6049, 1577.0378
34.375, 625.9194, 1579.5378
42.5, 626.2304, 1582.0378
51.25, 626.5371, 1584.5378
58.125, 626.84143, 1587.0378
68.75, 627.1429, 1589.5378
70.625, 627.44147, 1592.0378
73.125, 627.73956, 1594.5378
75.625, 628.0372, 1597.0378
75.625, 628.3343, 1599.5378
78.125, 628.6314, 1602.0378
78.75, 628.9285, 1604.5378
83.125, 629.22565, 1607.0378
86.875, 629.52374, 1609.5378
93.125, 629.8237, 1612.0378
94.375, 630.12756, 1614.5378
96.875, 630.4324, 1617.0378
98.75, 630.74005, 1619.5378
100.625, 631.0511, 1622.0378
101.875, 631.37463, 1624.5378
101.875, 631.704, 1627.0378
101.875, 632.04486, 1629.5378
97.5, 632.39343, 1632.0378
90.0, 632.74634, 1634.5378
80.625, 633.1026, 1637.0378
64.375, 633.46173, 1639.5378
61.25, 633.8237, 1642.0378
50.625, 634.1857, 1644.5378
41.25, 634.5482, 1647.0378
32.5, 634.9107, 1649.5378
28.75, 635.2732, 1652.0378
14.375, 635.6357, 1654.5378
6.25, 635.99335, 1657.0378
1.875, 636.3448, 1659.3379
1.875, 636.6919, 1661.638
1.875, 637.039, 1663.938
1.875, 637.3861, 1666.238
1.875, 637.7332, 1668.5381
1.875, 638.0803, 1670.8381
1.875, 638.4274, 1673.1382
6.875, 638.77454, 1675.4382
15.625, 639.08655, 1677.7383
20.625, 639.39325, 1680.0383
26.875, 639.6976, 1682.3384
46.25, 639.999, 1684.6384
53.125, 640.2928, 1686.9385
59.375, 640.5846, 1689.2385
64.375, 640.875, 1691.5386
69.375, 641.1649, 1693.8386
74.375, 641.45483, 1696.1387
79.375, 641.74475, 1698.4387
83.75, 642.03467, 1700.7388
84.375, 642.3246, 1703.0388
86.25, 642.6145, 1705.3389
91.875, 642.9054, 1707.6389
96.25, 643.2035, 1709.939
98.125, 643.5088, 1712.239
98.75, 643.81647, 1714.5391
100.0, 644.1256, 1716.8391
100.0, 644.43713, 1719.1392
100.0, 644.7501, 1721.4392
100.0, 645.0636, 1723.7393
97.5, 645.37756, 1726.0393
93.75, 645.6949, 1728.3394
80.625, 646.0146, 1730.6394
74.375, 646.3401, 1732.9395
66.25, 646.6675, 1735.2395
59.375, 646.9968, 1737.5396
53.125, 647.3276, 1739.8396
45.0, 647.6593, 1742.1396
41.875, 647.9915, 1744.4397
36.875, 648.3237, 1746.7397
33.125, 648.65594, 1749.0398
29.375, 648.98816, 1751.3398
28.125, 649.3189, 1753.6399
25.0, 649.64874, 1755.94
23.75, 649.97565, 1758.24
21.875, 650.2997, 1760.54
21.25, 650.6218, 1762.8401
20.625, 650.9425, 1765.1401
20.0, 651.2627, 1767.4402
20.0, 651.5824, 1769.7402
20.0, 651.9016, 1772.0403
20.0, 652.2208, 1774.3403
20.0, 652.54004, 1776.6404
20.0, 652.85925, 1778.9404
20.0, 653.17847, 1781.2405
20.0, 653.4977, 1783.5405
20.625, 653.8169, 1785.8406
23.125, 654.1352, 1788.1406
28.125, 654.453, 1790.4407
31.875, 654.76984, 1792.7407
41.875, 655.0862, 1795.0408
54.375, 655.40155, 1797.3408
60.0, 655.715, 1799.6409
65.0, 656.02704, 1801.9409
68.75, 656.3381, 1804.241
73.75, 656.6482, 1806.541
75.625, 656.9583, 1808.8411
81.25, 657.26843, 1811.1411
83.75, 657.579, 1813.4412
85.625, 657.8905, 1815.7412
87.5, 658.202, 1818.0413
88.75, 658.51404, 1820.3413
88.75, 658.82654, 1822.6414
88.75, 659.13904, 1824.9414
88.75, 659.452, 1827.2415
88.75, 659.765, 1829.5415
62.5, 660.078, 1831.8416
46.875, 660.39484, 1834.1416
38.125, 660.71356, 1836.4417
28.75, 661.03424, 1838.7417
21.875, 661.3554, 1841.0417
18.125, 661.67706, 1843.3418
15.625, 661.9987, 1845.6418
15.625, 662.3204, 1847.9419
15.625, 662.642, 1850.242
15.625, 662.9637, 1852.542
15.625, 663.28534, 1854.842
18.75, 663.6065, 1857.1421
28.125, 663.9272, 1859.4421
45.625, 664.2459, 1861.7422
68.75, 664.56177, 1864.0422
81.25, 664.8733, 1866.3423
86.875, 665.1834, 1868.6423
86.875, 665.49207, 1870.9424
86.875, 665.8007, 1873.2424
66.875, 666.1094, 1875.5425
58.125, 666.4214, 1877.8425
49.375, 666.73535, 1880.1426
30.0, 667.0527, 1882.4426
16.25, 667.3748, 1884.7427
13.75, 667.6998, 1887.0427
13.125, 668.02484, 1889.3428
13.125, 668.35034, 1891.6428
13.125, 668.67584, 1893.9429
13.125, 669.00134, 1896.2429
13.125, 669.32684, 1898.543
13.75, 669.65234, 1900.843
23.125, 669.97784, 1903.1431
51.875, 670.30334, 1905.4431
75.0, 670.62885, 1907.7432
97.5, 670.95435, 1910.0432
120.625, 671.27985, 1912.3433
121.875, 671.60724, 1914.6433
115.625, 671.9356, 1916.9434
103.125, 672.2678, 1919.2434
74.375, 672.60535, 1921.5435
63.75, 672.9534, 1923.8435
55.0, 673.3044, 1926.1436
39.375, 673.6587, 1928.4436
32.5, 674.0159, 1930.7437
29.375, 674.3741, 1933.0437
28.75, 674.73224, 1935.3438
28.75, 675.0899, 1937.6438
28.75, 675.4437, 1939.9438
31.25, 675.787, 1942.2439
36.25, 676.1269, 1944.544
51.875, 676.4606, 1946.844
57.5, 676.7822, 1949.144
70.0, 677.1019, 1951.4441
73.125, 677.41974, 1953.7441
85.625, 677.73755, 1956.0442
91.25, 678.05536, 1958.3442
92.5, 678.3775, 1960.6443
91.25, 678.70685, 1962.9443
81.25, 679.04724, 1965.2444
68.75, 679.40063, 1967.5444
46.875, 679.7636, 1969.8445
40.0, 680.13477, 1972.1445
31.25, 680.5064, 1974.4446
18.75, 680.87805, 1976.7446
15.0, 681.2497, 1979.0447
13.75, 681.6199, 1981.3447
10.0, 681.9891, 1983.6448
8.75, 682.354, 1985.9448
8.75, 682.7155, 1988.2449
8.75, 683.07416, 1990.5449
11.25, 683.42896, 1992.845
14.375, 683.7804, 1995.145
26.875, 684.1304, 1997.4451
36.25, 684.477, 1999.7451
43.75, 684.8227, 2002.0452
45.0, 685.1684, 2004.3452
46.875, 685.5141, 2006.6453
46.875, 685.86554, 2008.9453
43.75, 686.2242, 2011.2454
36.875, 686.5905, 2013.5454
26.25, 686.96405, 2015.8455
18.125, 687.3419, 2018.1455
4.375, 687.7203, 2020.4456
0.0, 688.09863, 2022.7456
0.0, 688.477, 2025.0457
0.0, 688.85535, 2027.3457
0.0, 689.2337, 2029.6458
0.0, 689.61206, 2031.9458
0.0, 689.9904, 2034.2458
6.875, 690.3688, 2036.5459
13.125, 690.6957, 2038.846
36.875, 691.01825, 2041.146
70.625, 691.3327, 2043.446
81.25, 691.6457, 2045.7461
100.625, 691.9587, 2048.0461
110.0, 692.27454, 2050.3462
118.75, 692.5957, 2052.6462
118.75, 692.9284, 2054.9463
117.5, 693.2635, 2057.2463
105.0, 693.6034, 2059.5464
92.5, 693.9481, 2061.8464
80.0, 694.29425, 2064.1465
77.5, 694.6404, 2066.4465
69.375, 694.9865, 2068.7466
62.5, 695.33264, 2071.0466
60.625, 695.6754, 2073.3467
60.625, 696.0153, 2075.6467
60.625, 696.35236, 2077.9468
62.5, 696.68695, 2080.2468
76.875, 697.01434, 2082.5469
101.25, 697.3369, 2084.847
118.75, 697.65906, 2087.147
118.75, 697.98694, 2089.447
118.75, 698.3148, 2091.747
118.75, 698.6427, 2094.047
118.75, 698.9706, 2096.3472
118.75, 699.29846, 2098.6472
118.75, 699.62634, 2100.9473
116.25, 699.9542, 2103.2473
111.25, 700.38165, 2105.5474
98.75, 700.8105, 2107.8474
94.375, 701.2427, 2110.1475
91.875, 701.67633, 2112.4475
90.625, 702.1105, 2114.7476
90.0, 702.5446, 2117.0476
90.0, 702.97876, 2119.3477
90.0, 703.4134, 2121.6477
90.0, 703.8514, 2123.9478
90.0, 704.28986, 2126.2478
90.0, 704.7302, 2128.5479
90.0, 705.17255, 2130.848
90.0, 705.61584, 2133.148
87.5, 706.0615, 2135.448
85.0, 706.52496, 2137.748
81.25, 707.0153, 2140.048
78.125, 707.52924, 2142.3481
73.75, 708.0595, 2144.6482
73.75, 708.6033, 2146.9482
70.625, 709.1475, 2149.2483
64.375, 709.6903, 2151.5483
60.0, 710.21, 2153.8484
53.125, 710.71436, 2156.1484
46.875, 711.197, 2158.4485
45.625, 711.66046, 2160.7485
45.0, 712.11865, 2163.0486
45.0, 712.5754, 2165.3486
45.0, 713.0316, 2167.6487
45.0, 713.48785, 2169.9487
44.375, 713.9446, 2172.2488
43.125, 714.408, 2174.5488
40.625, 714.8907, 2176.8489
40.625, 715.40704, 2179.149
36.875, 715.9234, 2181.449
35.625, 716.45703, 2183.749
35.0, 716.9955, 2186.049
34.375, 717.5354, 2188.349
33.125, 718.0753, 2190.6492
32.5, 718.6119, 2192.9492
31.875, 719.1465, 2195.2493
31.875, 719.6763, 2197.5493
31.875, 720.20557, 2199.8494
31.875, 720.73444, 2202.1494
31.875, 721.2633, 2204.4495
31.875, 721.7931, 2206.7495
31.875, 722.3407, 2209.0496
30.0, 722.89984, 2211.3496
23.75, 723.5075, 2213.6497
21.875, 724.1537, 2215.9497
20.625, 724.8123, 2218.2498
20.625, 725.48206, 2220.5498
20.625, 726.1532, 2222.8499
20.625, 726.8253, 2225.15
22.5, 727.49744, 2227.45
23.75, 728.16956, 2229.75
30.625, 728.8417, 2232.05
35.625, 729.5128, 2234.35
36.875, 730.1816, 2236.6501
37.5, 730.84937, 2238.9502
37.5, 731.51666, 2241.2502
37.5, 732.18396, 2243.5503
37.5, 732.85077, 2245.8503
36.25, 733.5176, 2248.1504
35.625, 734.1844, 2250.4504
35.0, 734.8512, 2252.7505
35.0, 735.518, 2255.0505
35.0, 736.1848, 2257.3506
35.0, 736.8521, 2259.6506
35.0, 737.5194, 2261.9507
35.0, 738.1867, 2264.2507
36.875, 738.854, 2266.5508
38.125, 739.5213, 2268.8508
39.375, 740.1881, 2271.151
39.375, 740.854, 2273.451
39.375, 741.5194, 2275.751
39.375, 742.1848, 2278.051
36.875, 742.8502, 2280.351
30.625, 743.5156, 2282.6511
27.5, 744.18195, 2284.9512
21.875, 744.84875, 2287.2512
13.75, 745.51654, 2289.5513
11.875, 746.1848, 2291.8513
11.25, 746.8531, 2294.1514
11.25, 747.52136, 2296.4514
11.25, 748.18964, 2298.7515
11.25, 748.8579, 2301.0515
17.5, 749.5262, 2303.3516
30.0, 750.19446, 2305.6516
30.0, 750.86273, 2307.9517
76.875, 751.531, 2310.2517
95.625, 752.194, 2312.5518
115.625, 752.8522, 2314.8518
120.625, 753.5036, 2317.1519
121.25, 754.15314, 2319.452
121.25, 754.8022, 2321.752
120.625, 755.45123, 2324.052
115.625, 756.1003, 2326.352
100.625, 756.7493, 2328.652
91.875, 757.3984, 2330.9521
72.5, 758.0474, 2333.2522
36.25, 758.6965, 2335.5522
20.0, 759.3455, 2337.8523
5.625, 759.99457, 2340.1523
0.0, 760.6436, 2342.4524
0.0, 761.29364, 2344.7524
0.0, 761.94366, 2347.0525
0.0, 762.5937, 2349.3525
0.0, 763.2437, 2351.6526
11.875, 763.89374, 2353.9526
20.625, 764.5447, 2356.2527
33.75, 765.1956, 2358.5527
47.5, 765.84656, 2360.8528
49.375, 766.4961, 2363.1528
52.5, 767.1456, 2365.453
53.125, 767.7937, 2367.753
53.125, 768.4418, 2370.053
53.125, 769.08984, 2372.353
52.5, 769.7379, 2374.653
47.5, 770.386, 2376.9531
36.875, 771.03406, 2379.2532
18.125, 771.6836, 2381.5532
18.125, 772.337, 2383.8533
5.625, 772.99036, 2386.1533
2.5, 773.6466, 2388.4534
2.5, 774.3043, 2390.7534
2.5, 774.96204, 2393.0535
2.5, 775.61975, 2395.3535
19.375, 776.27747, 2397.6536
35.0, 776.93567, 2399.9536
49.375, 777.5939, 2402.2537
54.375, 778.2501, 2404.5537
56.875, 778.9049, 2406.8538
57.5, 779.5583, 2409.1538
57.5, 780.2117, 2411.4539
57.5, 780.86505, 2413.754
56.25, 781.51843, 2416.054
47.5, 782.1718, 2418.354
19.375, 782.8257, 2420.654
19.375, 783.4853, 2422.954
19.375, 784.1449, 2425.2542
19.375, 784.8045, 2427.5542
19.375, 785.4641, 2429.8542
19.375, 786.1237, 2432.1543
19.375, 786.7833, 2434.4543
19.375, 787.44293, 2436.7544
19.375, 788.10254, 2439.0544
17.5, 788.76215, 2441.3545
60.625, 789.4266, 2443.6545
64.375, 790.0838, 2445.9546
76.875, 790.74054, 2448.2546
82.5, 791.39484, 2450.5547
83.125, 792.0477, 2452.8547
83.125, 792.7006, 2455.1548
83.125, 793.3535, 2457.4548
73.75, 794.0064, 2459.755
61.25, 794.6593, 2462.055
43.75, 795.3136, 2464.355
24.375, 795.9718, 2466.655
14.375, 796.6343, 2468.955
6.25, 797.3002, 2471.2551
3.125, 797.96796, 2473.5552
2.5, 798.6362, 2475.8552
2.5, 799.305, 2478.1553
2.5, 799.97375, 2480.4553
18.125, 800.6425, 2482.7554
52.5, 801.3113, 2485.0554
85.0, 801.98004, 2487.3555
116.25, 802.6488, 2489.6555
116.25, 803.3147, 2491.9556
116.25, 803.9806, 2494.2556
116.25, 804.6465, 2496.5557
116.25, 805.3124, 2498.8557
116.25, 805.9783, 2501.1558
116.25, 806.64417, 2503.4558
116.25, 807.31006, 2505.7559
116.25, 807.97595, 2508.056
73.125, 808.64185, 2510.356
40.625, 809.3024, 2512.656
36.875, 809.96783, 2514.956
15.0, 810.63416, 2517.256
11.25, 811.3043, 2519.5562
11.25, 811.97546, 2521.8562
11.25, 812.6466, 2524.1562
11.875, 813.31775, 2526.4563
38.75, 813.9889, 2528.7563
62.5, 814.66003, 2531.0564
82.5, 815.3312, 2533.3564
117.5, 816.0023, 2535.6565
121.25, 816.6716, 2537.9565
121.25, 817.33984, 2540.2566
121.25, 818.0081, 2542.5566
121.25, 818.6764, 2544.8567
121.25, 819.34467, 2547.1567
121.25, 820.01294, 2549.4568
112.5, 820.6812, 2551.7568
101.875, 821.34326, 2554.057
74.375, 822.0053, 2556.357
51.25, 822.66736, 2558.657
35.625, 823.3294, 2560.957
29.375, 823.99146, 2563.257
28.125, 824.65393, 2565.5571
27.5, 825.3164, 2567.8572
27.5, 825.9789, 2570.1572
27.5, 826.64136, 2572.4573
28.75, 827.30383, 2574.7573
36.875, 827.9663, 2577.0574
54.375, 828.6288, 2579.3574
86.25, 829.28937, 2581.6575
101.875, 829.94324, 2583.9575
104.375, 830.5942, 2586.2576
109.375, 831.2442, 2588.5576
109.375, 831.89325, 2590.8577
109.375, 832.5423, 2593.1577
109.375, 833.19135, 2595.4578
101.875, 833.8404, 2597.7578
91.25, 834.4904, 2600.0579
73.75, 835.1433, 2602.358
51.25, 835.80054, 2604.658
44.375, 836.4635, 2606.958
30.0, 837.1279, 2609.258
26.25, 837.7952, 2611.558
25.0, 838.4635, 2613.8582
25.0, 839.1318, 2616.1582
25.0, 839.80005, 2618.4583
25.0, 840.4683, 2620.7583
26.25, 841.1366, 2623.0583
55.625, 841.8049, 2625.3584
70.625, 842.47076, 2627.6584
100.0, 843.1347, 2629.9585
116.875, 843.7938, 2632.2585
116.875, 844.4501, 2634.5586
116.875, 845.1063, 2636.8586
116.875, 845.7626, 2639.1587
116.875, 846.4188, 2641.4587
116.875, 847.0751, 2643.7588
116.875, 847.7313, 2646.0588
116.875, 848.3876, 2648.359
117.5, 849.0438, 2650.659
117.5, 849.6972, 2652.959
85.625, 850.3506, 2655.259
62.5, 851.0107, 2657.559
46.875, 851.6751, 2659.8591
41.875, 852.3419, 2662.1592
41.875, 853.0097, 2664.4592
40.625, 853.6775, 2666.7593
40.625, 854.34576, 2669.0593
40.625, 855.01404, 2671.3594
41.25, 855.6823, 2673.6594
53.75, 856.3506, 2675.9595
67.5, 857.0169, 2678.2595
75.0, 857.68085, 2680.5596
78.75, 858.3433, 2682.8596
79.375, 859.0049, 2685.1597
80.0, 859.66595, 2687.4597
80.0, 860.32654, 2689.7598
80.0, 860.98663, 2692.0598
79.375, 861.64526, 2694.3599
73.75, 862.3039, 2696.66
65.625, 862.9611, 2698.96
60.0, 863.61786, 2701.26
56.875, 864.2746, 2703.56
52.5, 864.93134, 2705.86
50.0, 865.58905, 2708.1602
50.0, 866.24677, 2710.4602
50.0, 866.9045, 2712.7603
50.0, 867.5622, 2715.0603
50.0, 868.2199, 2717.3604
50.0, 868.8752, 2719.6604
49.375, 869.5266, 2721.9604
48.75, 870.1713, 2724.2605
47.5, 870.8122, 2726.5605
46.875, 871.4492, 2728.8606
44.375, 872.0824, 2731.1606
43.125, 872.71124, 2733.4607
42.5, 873.3382, 2735.7607
41.875, 873.96466, 2738.0608
39.375, 874.59064, 2740.3608
36.875, 875.2161, 2742.661
35.0, 875.8416, 2744.961
32.5, 876.4676, 2747.261
28.125, 877.095, 2749.561
23.125, 877.7243, 2751.861
21.875, 878.357, 2754.1611
18.75, 878.9902, 2756.4612
15.0, 879.62573, 2758.7612
14.375, 880.2642, 2761.0613
11.875, 880.9036, 2763.3613
9.375, 881.54596, 2765.6614
8.75, 882.19165, 2767.9614
7.5, 882.8378, 2770.2615
6.875, 883.4859, 2772.5615
6.875, 884.13446, 2774.8616
6.25, 884.7835, 2777.1616
6.25, 885.43396, 2779.4617
6.25, 886.08636, 2781.7617
5.625, 886.74023, 2784.0618
5.0, 887.39453, 2786.3618
5.0, 888.0498, 2788.6619
5.0, 888.7051, 2790.962
5.0, 889.36084, 2793.262
4.375, 890.0171, 2795.562
4.375, 890.6738, 2797.862
3.75, 891.33105, 2800.162
3.75, 891.9888, 2802.4622
3.125, 892.6474, 2804.7622
2.5, 893.307, 2807.0623
2.5, 893.9671, 2809.3623
2.5, 894.62915, 2811.6624
2.5, 895.2931, 2813.9624
1.875, 895.9575, 2816.2625
1.875, 896.62244, 2818.5625
1.875, 897.28784, 2820.8625
1.875, 897.95374, 2823.1626
1.875, 898.6196, 2825.4626
1.875, 899.2855, 2827.7627
1.875, 899.9514, 2830.0627
1.875, 900.6173, 2832.3628
1.875, 901.2832, 2834.6628
2.5, 901.9491, 2836.963
2.5, 902.615, 2839.263
2.5, 903.2809, 2841.563
2.5, 903.9468, 2843.863
2.5, 904.6127, 2846.163
2.5, 905.27856, 2848.4631
2.5, 905.94446, 2850.7632
2.5, 906.61035, 2853.0632
2.5, 907.27625, 2855.3633
3.125, 907.94214, 2857.6633
3.125, 908.60803, 2859.9634
6.875, 909.27344, 2862.2634
6.875, 909.93787, 2864.5635
6.875, 910.6023, 2866.8635
6.875, 911.2667, 2869.1636
6.875, 911.93115, 2871.4636
6.875, 912.5956, 2873.7637
6.875, 913.26, 2876.0637
6.875, 913.92444, 2878.3638
6.875, 914.58887, 2880.6638
6.875, 915.2533, 2882.9639
6.875, 915.9177, 2885.264
6.875, 916.58215, 2887.564
6.875, 917.2466, 2889.864
6.875, 917.911, 2892.164
6.875, 918.57544, 2894.464
6.875, 919.23987, 2896.7642
6.875, 919.9043, 2899.0642
6.25, 920.5687, 2901.3643
1.875, 921.23315, 2903.6643
1.875, 921.8976, 2905.9644
1.875, 922.562, 2908.2644
1.875, 923.22644, 2910.5645
1.875, 923.89087, 2912.8645
1.875, 924.5553, 2915.1646
1.875, 925.2197, 2917.4646
1.875, 925.88416, 2919.7646
1.875, 926.5486, 2922.0647
1.875, 927.213, 2924.3647
1.875, 927.87744, 2926.6648
1.875, 928.5419, 2928.9648
1.875, 929.2063, 2931.265
1.875, 929.8707, 2933.565
1.875, 930.53516, 2935.865
1.875, 931.1996, 2938.165
1.875, 931.864, 2940.465
1.875, 932.52844, 2942.7651
1.875, 933.1929, 2945.0652
1.875, 933.8573, 2947.3652
1.875, 934.5217, 2949.6653
1.875, 935.18616, 2951.9653
1.875, 935.8506, 2954.2654
1.875, 936.515, 2956.5654
1.875, 937.17944, 2958.8655
1.875, 937.8439, 2961.1655
1.875, 938.5083, 2963.4656
1.875, 939.1727, 2965.7656
0.0, 939.83716, 2968.0657
0.625, 940.51935, 2970.3657
1.25, 941.2025, 2972.6658
1.875, 941.88666, 2974.9658
2.5, 942.5722, 2977.2659
3.125, 943.25824, 2979.566
4.375, 943.94574, 2981.866
5.0, 944.6342, 2984.166
5.0, 945.3232, 2986.466
5.0, 946.01215, 2988.766
5.625, 946.7016, 2991.0662
5.625, 947.39105, 2993.3662
5.625, 948.0805, 2995.6663
5.625, 948.76996, 2997.9663
5.625, 949.4594, 3000.2664
5.625, 950.14886, 3002.5664
5.625, 950.8383, 3004.8665
5.0, 951.5278, 3007.1665
4.375, 952.21625, 3009.4666
3.75, 952.9028, 3011.7666
3.75, 953.5869, 3014.0667
1.875, 954.27106, 3016.3667
1.875, 954.9494, 3018.6667
1.875, 955.62683, 3020.9668
1.875, 956.30133, 3023.2668
1.875, 956.97296, 3025.567
1.875, 957.6417, 3027.867
1.875, 958.3071, 3030.167
1.875, 958.9634, 3032.467
1.875, 959.61725, 3034.767
2.5, 960.26434, 3037.0671
2.5, 960.9076, 3039.3672
3.125, 961.54944, 3041.6672
3.125, 962.1898, 3043.9673
3.125, 962.8292, 3046.2673
3.125, 963.4677, 3048.5674
3.125, 964.1052, 3050.8674
3.125, 964.74225, 3053.1675
3.125, 965.3788, 3055.4675
3.125, 966.01483, 3057.7676
3.125, 966.6495, 3060.0676
3.125, 967.2836, 3062.3677
3.125, 967.9168, 3064.6677
3.125, 968.55, 3066.9678
3.125, 969.1827, 3069.2678
3.125, 969.8149, 3071.5679
3.125, 970.4466, 3073.868
3.125, 971.0769, 3076.168
3.125, 971.70624, 3078.468
3.75, 972.3346, 3080.768
3.75, 972.96295, 3083.068
3.75, 973.5908, 3085.3682
3.75, 974.2182, 3087.6682
3.75, 974.84515, 3089.9683
3.75, 975.47064, 3092.2683
3.75, 976.0961, 3094.5684
3.75, 976.72064, 3096.8684
4.375, 977.34515, 3099.1685
4.375, 977.9692, 3101.4685
4.375, 978.5927, 3103.7686
5.0, 979.21625, 3106.0686
5.625, 979.8393, 3108.3687
5.625, 980.4619, 3110.6687
6.25, 981.08405, 3112.9688
6.25, 981.7062, 3115.2688
7.5, 982.3278, 3117.5688
7.5, 982.949, 3119.869
7.5, 983.56964, 3122.169
7.5, 984.1903, 3124.469
8.125, 984.811, 3126.769
8.125, 985.43164, 3129.069
8.125, 986.0518, 3131.3691
8.125, 986.672, 3133.6692
8.75, 987.2922, 3135.9692
8.75, 987.91187, 3138.2693
8.75, 988.53156, 3140.5693
8.75, 989.15125, 3142.8694
10.0, 989.77045, 3145.1694
10.0, 990.3892, 3147.4695
10.0, 991.008, 3149.7695
10.0, 991.6268, 3152.0696
10.0, 992.24554, 3154.3696
10.0, 992.8643, 3156.6697
10.0, 993.4831, 3158.9697
10.0, 994.10187, 3161.2698
10.0, 994.72064, 3163.5698
10.0, 995.3394, 3165.8699
10.0, 995.9582, 3168.17
10.0, 996.57697, 3170.47
10.0, 997.19574, 3172.77
10.0, 997.8145, 3175.07
10.0, 998.4333, 3177.37
10.0, 999.05206, 3179.6702
10.0, 999.67084, 3181.9702
10.0, 1000.2896, 3184.2703
10.0, 1000.9084, 3186.5703
10.0, 1001.52716, 3188.8704
10.0, 1002.14594, 3191.1704
10.0, 1002.7647, 3193.4705
10.0, 1003.3835, 3195.7705
10.0, 1004.00226, 3198.0706
10.0, 1004.62103, 3200.3706
10.0, 1005.2398, 3202.6707
10.0, 1005.8586, 3204.9707
10.0, 1006.47736, 3207.2708
10.0, 1007.0961, 3209.5708
10.0, 1007.7149, 3211.8708
10.0, 1008.3337, 3214.171
10.0, 1008.95245, 3216.471
10.0, 1009.5712, 3218.771
10.0, 1010.19, 3221.071
10.625, 1010.8088, 3223.371
10.625, 1011.42755, 3225.6711
10.625, 1012.0463, 3227.9712
11.25, 1012.6651, 3230.2712
11.25, 1013.2839, 3232.5713
11.875, 1013.90265, 3234.8713
11.875, 1014.52094, 3237.1714
12.5, 1015.1392, 3239.4714
12.5, 1015.7575, 3241.7715
12.5, 1016.3758, 3244.0715
12.5, 1016.9941, 3246.3716
12.5, 1017.61237, 3248.6716
12.5, 1018.23065, 3250.9717
12.5, 1018.84894, 3253.2717
13.125, 1019.4672, 3255.5718
13.125, 1020.085, 3257.8718
13.125, 1020.7028, 3260.1719
13.125, 1021.3206, 3262.472
13.125, 1021.9384, 3264.772
13.125, 1022.5562, 3267.072
13.125, 1023.174, 3269.372
13.125, 1023.7918, 3271.672
13.125, 1024.4095, 3273.9722
13.125, 1025.0273, 3276.2722
13.125, 1025.6451, 3278.5723
13.125, 1026.263, 3280.8723
